1 1
4152 1
932 1
2 1
5681 1
3 1
5 1
6 1
6756 1
7 1
11600 1
3585 1
9 1
12411 1
10 1
1913 1
13 1
9088 1
15 1
16 1
476 1
17 1
4579 1
2007 1
7155 1
19 1
20 1
4522 1
22 1
2004 1
788 1
4238 1
1084 1
6894 1
11083 1
23 1
580 1
2498 1
1802 1
5217 1
5170 1
7793 1
1809 1
24 1
1527 1
9643 1
11434 1
11136 1
12401 1
6508 1
26 1
8935 1
8609 1
5872 1
8512 1
4040 1
3109 1
9167 1
6041 1
28 1
3019 1
30 1
7899 1
31 1
6128 1
32 1
8491 1
34 1
989 1
35 1
36 1
1591 1
37 1
2387 1
39 1
884 1
40 1
1297 1
41 1
42 1
44 1
1686 1
45 1
234 1
4834 1
46 1
10376 1
8472 1
12335 1
6313 1
9975 1
48 1
49 1
50 1
1759 1
52 1
53 1
8124 1
6765 1
54 1
7294 1
10702 1
2473 1
1448 1
11479 1
12407 1
3217 1
2992 1
4743 1
5938 1
9766 1
3890 1
2843 1
2896 1
5732 1
5272 1
7526 1
7810 1
1295 1
1138 1
3587 1
3640 1
3899 1
9009 1
8170 1
11747 1
9247 1
1016 1
795 1
11695 1
1949 1
5418 1
7943 1
4341 1
721 1
561 1
6278 1
304 1
6540 1
9185 1
11235 1
694 1
3312 1
4991 1
1622 1
4939 1
78 1
1430 1
7025 1
1624 1
10673 1
4825 1
364 1
6094 1
9408 1
808 1
10441 1
7843 1
5297 1
9032 1
8876 1
12590 1
8983 1
11247 1
10095 1
55 1
10686 1
3780 1
10777 1
12403 1
1898 1
4630 1
7188 1
56 1
7691 1
4841 1
11930 1
2295 1
9291 1
6236 1
3652 1
57 1
59 1
1319 1
60 1
11326 1
10196 1
6394 1
61 1
6887 1
6754 1
10811 1
9288 1
5145 1
1071 1
8917 1
62 1
63 1
9531 1
64 1
4214 1
65 1
67 1
174 1
12404 1
69 1
12213 1
6943 1
5010 1
10199 1
8598 1
97 1
11543 1
831 1
12552 1
12129 1
7309 1
7256 1
1191 1
7686 1
1663 1
12566 1
5286 1
10570 1
11233 1
3544 1
1961 1
4217 1
8137 1
518 1
6044 1
4731 1
70 1
394 1
8824 1
3568 1
871 1
3469 1
2284 1
4525 1
10782 1
5118 1
5369 1
4701 1
7165 1
12525 1
4484 1
545 1
6996 1
2637 1
8451 1
8169 1
12376 1
3388 1
1409 1
9339 1
6291 1
4415 1
7683 1
6590 1
2357 1
8623 1
1468 1
1757 1
1857 1
11130 1
5239 1
8568 1
3395 1
955 1
905 1
4134 1
10850 1
1059 1
1675 1
10037 1
5554 1
191 1
11679 1
211 1
8574 1
2605 1
9904 1
10690 1
11043 1
3610 1
5482 1
10587 1
8875 1
9410 1
4042 1
6782 1
10141 1
5889 1
2283 1
71 1
6550 1
72 1
74 1
5319 1
77 1
12328 1
2928 1
3044 1
9605 1
79 1
80 1
870 1
8772 1
11788 1
81 1
83 1
6433 1
84 1
86 1
7514 1
87 1
3766 1
88 1
7171 1
7324 1
89 1
2543 1
90 1
11151 1
11318 1
8003 1
3481 1
766 1
12576 1
3476 1
11921 1
91 1
1383 1
173 1
320 1
1030 1
12602 1
7252 1
4166 1
5071 1
2735 1
6309 1
113 1
7302 1
7576 1
11985 1
7684 1
3592 1
796 1
6969 1
1359 1
11899 1
2877 1
12281 1
6432 1
1567 1
6490 1
4619 1
8468 1
5728 1
3750 1
8869 1
7278 1
10689 1
12528 1
3254 1
10723 1
857 1
12251 1
10803 1
2358 1
760 1
1965 1
10395 1
3824 1
92 1
4154 1
8017 1
4786 1
1387 1
7412 1
2088 1
3920 1
6414 1
392 1
1525 1
2535 1
9782 1
2408 1
12388 1
2815 1
7026 1
8661 1
11713 1
11360 1
11469 1
6990 1
12231 1
11256 1
93 1
94 1
11301 1
95 1
98 1
99 1
10177 1
2969 1
8383 1
12575 1
7779 1
102 1
7255 1
103 1
104 1
105 1
106 1
5531 1
2062 1
107 1
4589 1
160 1
2594 1
108 1
8483 1
109 1
110 1
111 1
2507 1
112 1
11056 1
6998 1
235 1
1579 1
4615 1
9716 1
7009 1
7394 1
10495 1
8361 1
3268 1
8173 1
2813 1
8755 1
7598 1
2786 1
1422 1
4642 1
7030 1
10736 1
5805 1
2016 1
11922 1
7816 1
4066 1
11540 1
4846 1
430 1
8473 1
2444 1
7625 1
8031 1
6673 1
9014 1
1633 1
2256 1
7641 1
7073 1
6093 1
1515 1
2070 1
7084 1
7284 1
7865 1
2667 1
12534 1
5487 1
2888 1
275 1
6709 1
672 1
4700 1
7663 1
8445 1
676 1
4329 1
1296 1
9433 1
4738 1
7127 1
8088 1
5705 1
9843 1
4728 1
9851 1
3564 1
8672 1
8319 1
6961 1
959 1
9491 1
1563 1
11855 1
10860 1
10474 1
6978 1
11462 1
1371 1
9084 1
4409 1
367 1
574 1
2172 1
11049 1
114 1
6937 1
3190 1
11649 1
4209 1
115 1
116 1
3199 1
5916 1
7407 1
2592 1
3362 1
10588 1
10433 1
10774 1
2242 1
117 1
120 1
121 1
122 1
11636 1
123 1
5226 1
124 1
11838 1
9357 1
7584 1
3776 1
2265 1
2765 1
126 1
127 1
3342 1
9632 1
128 1
129 1
133 1
134 1
135 1
137 1
139 1
6413 1
140 1
8358 1
11246 1
679 1
141 1
1585 1
143 1
144 1
12577 1
1814 1
145 1
149 1
11597 1
150 1
151 1
572 1
4092 1
3211 1
7773 1
153 1
9068 1
154 1
8055 1
3801 1
11091 1
8681 1
11182 1
3253 1
156 1
1780 1
7193 1
157 1
7249 1
158 1
159 1
9786 1
11306 1
2039 1
5779 1
12465 1
3080 1
161 1
162 1
163 1
8920 1
164 1
11852 1
8046 1
166 1
167 1
168 1
169 1
170 1
171 1
1562 1
8751 1
5709 1
9807 1
4410 1
6755 1
38 1
3382 1
8158 1
11254 1
172 1
2670 1
11259 1
4781 1
8533 1
7972 1
4793 1
3624 1
9526 1
2398 1
4948 1
8750 1
5600 1
9538 1
4821 1
9923 1
3504 1
11923 1
4836 1
819 1
3260 1
5629 1
10367 1
3618 1
839 1
528 1
4863 1
7265 1
9591 1
7283 1
6504 1
8104 1
8829 1
2470 1
1683 1
8840 1
3306 1
1200 1
9619 1
1704 1
9624 1
892 1
786 1
4139 1
12009 1
4949 1
10442 1
5721 1
11196 1
4153 1
8118 1
4971 1
8121 1
9673 1
3381 1
10463 1
12057 1
1769 1
4732 1
9699 1
9700 1
4823 1
3409 1
7369 1
6619 1
5019 1
10509 1
985 1
11288 1
9733 1
8963 1
6639 1
5794 1
8177 1
7474 1
4250 1
2784 1
7409 1
10533 1
11309 1
3454 1
7418 1
219 1
8992 1
2622 1
4005 1
5074 1
239 1
9020 1
1496 1
11351 1
6682 1
249 1
254 1
9027 1
9793 1
5620 1
11231 1
8249 1
11375 1
10601 1
1884 1
2692 1
5894 1
1099 1
4336 1
299 1
7494 1
11398 1
9832 1
8288 1
8297 1
9862 1
9096 1
3570 1
10357 1
12228 1
10662 1
6982 1
9877 1
9108 1
602 1
7536 1
343 1
10675 1
7543 1
6767 1
11455 1
6771 1
8334 1
5978 1
1158 1
10250 1
1975 1
9912 1
9142 1
10698 1
4419 1
1979 1
10701 1
10099 1
5219 1
10703 1
3266 1
6792 1
11489 1
1181 1
9931 1
11492 1
4101 1
2799 1
444 1
2000 1
8366 1
4449 1
11811 1
4450 1
9958 1
6819 1
8381 1
10737 1
4460 1
1216 1
11533 1
2834 1
1224 1
4470 1
3678 1
9980 1
9203 1
6073 1
7768 1
3691 1
8805 1
10775 1
7647 1
4808 1
2883 1
6104 1
5309 1
5310 1
11585 1
2089 1
6331 1
490 1
2197 1
10028 1
6920 1
2923 1
519 1
6140 1
10821 1
8478 1
12398 1
10824 1
10252 1
8481 1
1332 1
11152 1
10835 1
5361 1
2954 1
2142 1
10068 1
3583 1
10073 1
5368 1
8504 1
12422 1
1548 1
6178 1
11654 1
2798 1
5385 1
8525 1
7592 1
7749 1
8305 1
2176 1
8535 1
2180 1
2181 1
9329 1
2196 1
6219 1
9361 1
1405 1
8694 1
10120 1
4633 1
7789 1
615 1
6235 1
7804 1
9359 1
12489 1
8587 1
6245 1
10147 1
11735 1
11737 1
4666 1
2248 1
3072 1
5964 1
10168 1
11722 1
648 1
5257 1
9402 1
6296 1
8630 1
10197 1
11779 1
6304 1
10548 1
10204 1
10976 1
1346 1
12220 1
6003 1
12581 1
10229 1
9447 1
706 1
8668 1
6340 1
7923 1
9295 1
11014 1
11015 1
10256 1
7936 1
9480 1
3171 1
739 1
12531 1
4047 1
3188 1
9496 1
2367 1
901 1
1524 1
10286 1
11870 1
175 1
176 1
177 1
3526 1
10119 1
3842 1
8577 1
6417 1
1337 1
3521 1
12513 1
178 1
2492 1
179 1
180 1
182 1
183 1
3442 1
184 1
186 1
6984 1
7072 1
5996 1
2491 1
5130 1
6808 1
187 1
6341 1
10402 1
188 1
189 1
3562 1
190 1
9148 1
12266 1
7898 1
6403 1
3500 1
4018 1
3418 1
3205 1
8731 1
3427 1
1392 1
8734 1
592 1
7202 1
7984 1
8743 1
2446 1
10511 1
6042 1
4629 1
2806 1
6636 1
2409 1
10086 1
10876 1
7406 1
3866 1
11913 1
9435 1
1818 1
2607 1
6222 1
5436 1
7430 1
8192 1
7637 1
6056 1
6971 1
6246 1
2430 1
7613 1
4838 1
3731 1
4468 1
1831 1
2148 1
8020 1
7147 1
6412 1
6438 1
3166 1
2754 1
9984 1
4545 1
837 1
9777 1
4487 1
1237 1
6010 1
6481 1
5646 1
7511 1
5122 1
256 1
11357 1
4687 1
1264 1
3761 1
4095 1
10012 1
4800 1
8625 1
268 1
8913 1
10394 1
3102 1
7870 1
6704 1
9558 1
12545 1
1087 1
1290 1
3114 1
1472 1
3118 1
7310 1
7311 1
3531 1
4707 1
10029 1
3937 1
7319 1
1901 1
7687 1
12564 1
7649 1
10982 1
1707 1
6319 1
8613 1
10117 1
12092 1
2098 1
5667 1
3745 1
2393 1
4135 1
2318 1
8287 1
695 1
9534 1
5914 1
3751 1
7504 1
5569 1
4556 1
3774 1
529 1
6149 1
6913 1
7747 1
719 1
6349 1
8306 1
8111 1
12222 1
3772 1
3762 1
12306 1
12546 1
2046 1
6752 1
7169 1
9831 1
2532 1
4179 1
12481 1
3383 1
10851 1
7425 1
3990 1
8132 1
1746 1
417 1
2250 1
351 1
11710 1
5968 1
447 1
2762 1
10475 1
12476 1
10695 1
10480 1
2981 1
6389 1
10285 1
8526 1
3192 1
7274 1
10456 1
7268 1
10900 1
11910 1
192 1
9466 1
194 1
12436 1
195 1
197 1
8435 1
5758 1
3404 1
12522 1
4990 1
198 1
200 1
10320 1
202 1
1402 1
5958 1
2776 1
7859 1
1473 1
203 1
1721 1
204 1
276 1
821 1
2389 1
7838 1
10938 1
2964 1
206 1
207 1
8080 1
5679 1
10266 1
208 1
3005 1
11311 1
2732 1
4313 1
3209 1
3967 1
210 1
9286 1
5992 1
8350 1
9715 1
2191 1
6416 1
11087 1
12294 1
8378 1
9778 1
1240 1
7946 1
1242 1
326 1
7875 1
278 1
11372 1
11031 1
8859 1
2310 1
6545 1
7330 1
11772 1
12592 1
11629 1
12414 1
8901 1
3788 1
9484 1
9124 1
11664 1
212 1
213 1
215 1
217 1
218 1
8737 1
1417 1
9698 1
11460 1
8789 1
6258 1
220 1
221 1
222 1
223 1
811 1
2257 1
1625 1
8237 1
3503 1
5383 1
2997 1
2373 1
6076 1
6976 1
2649 1
5028 1
1733 1
11214 1
224 1
6660 1
1674 1
5287 1
2400 1
5148 1
225 1
226 1
227 1
228 1
7199 1
229 1
5129 1
233 1
9463 1
972 1
7492 1
6111 1
6811 1
2428 1
10339 1
12132 1
3438 1
2101 1
242 1
1443 1
7019 1
5337 1
10220 1
3702 1
3506 1
8384 1
5053 1
1329 1
236 1
7571 1
237 1
12297 1
238 1
2629 1
6299 1
2945 1
8637 1
5172 1
637 1
10508 1
1017 1
10002 1
4770 1
3397 1
2228 1
241 1
3605 1
243 1
244 1
247 1
12119 1
8894 1
11386 1
10679 1
4358 1
9011 1
2644 1
7183 1
9720 1
4365 1
11127 1
4454 1
250 1
9974 1
251 1
252 1
6577 1
4387 1
2266 1
10140 1
6327 1
255 1
257 1
5341 1
259 1
260 1
2845 1
261 1
262 1
12593 1
263 1
264 1
8711 1
11468 1
4109 1
3493 1
265 1
266 1
267 1
5962 1
11207 1
269 1
9602 1
12139 1
270 1
271 1
6280 1
7767 1
656 1
272 1
4156 1
8122 1
273 1
10529 1
274 1
10094 1
8202 1
7585 1
7813 1
9690 1
8885 1
3719 1
2435 1
3771 1
4021 1
5269 1
6899 1
1292 1
8899 1
10980 1
4537 1
9674 1
3507 1
6621 1
373 1
3025 1
8041 1
11232 1
8464 1
11609 1
9677 1
5446 1
1770 1
4302 1
8048 1
3238 1
5003 1
10958 1
1944 1
277 1
2124 1
9722 1
7762 1
3326 1
2161 1
316 1
4439 1
12295 1
279 1
281 1
3625 1
5066 1
282 1
6781 1
12130 1
284 1
285 1
286 1
287 1
288 1
8608 1
289 1
290 1
291 1
293 1
11634 1
294 1
295 1
296 1
297 1
2926 1
6405 1
301 1
302 1
3839 1
981 1
3135 1
12284 1
6087 1
10641 1
2716 1
1118 1
4377 1
303 1
6143 1
305 1
3338 1
306 1
4090 1
2345 1
11075 1
994 1
9723 1
9145 1
9388 1
689 1
307 1
308 1
309 1
311 1
312 1
4592 1
313 1
314 1
4340 1
315 1
317 1
9387 1
318 1
4427 1
9430 1
2730 1
321 1
8738 1
322 1
7629 1
6180 1
7886 1
323 1
3251 1
324 1
2384 1
7005 1
2442 1
4080 1
452 1
9221 1
5555 1
1318 1
11961 1
8531 1
325 1
9495 1
897 1
327 1
328 1
329 1
330 1
331 1
11554 1
7993 1
332 1
333 1
334 1
9784 1
3151 1
11241 1
335 1
3654 1
2751 1
336 1
337 1
2298 1
340 1
341 1
8924 1
342 1
12025 1
2276 1
4433 1
1690 1
4773 1
3729 1
344 1
7957 1
2783 1
8618 1
345 1
347 1
348 1
349 1
4357 1
5288 1
7603 1
7435 1
10967 1
3514 1
11734 1
8013 1
3063 1
6850 1
3121 1
3932 1
7213 1
1505 1
8321 1
298 1
4392 1
4896 1
11711 1
5754 1
4599 1
6733 1
3656 1
5088 1
9272 1
9651 1
352 1
353 1
720 1
5453 1
2893 1
10608 1
3734 1
938 1
9691 1
3764 1
1356 1
11937 1
9543 1
9595 1
2982 1
354 1
355 1
356 1
6151 1
6404 1
10166 1
1028 1
10517 1
9241 1
357 1
9852 1
358 1
359 1
8514 1
360 1
5038 1
361 1
363 1
6635 1
365 1
366 1
2737 1
949 1
12519 1
5409 1
368 1
369 1
370 1
10234 1
2349 1
4547 1
2849 1
3935 1
371 1
3234 1
374 1
377 1
378 1
381 1
383 1
3857 1
385 1
6597 1
7741 1
8589 1
7735 1
963 1
387 1
5137 1
8042 1
388 1
2424 1
418 1
4442 1
389 1
2582 1
6645 1
8682 1
390 1
2028 1
3164 1
9671 1
4121 1
1310 1
5798 1
7863 1
391 1
11488 1
4564 1
10792 1
9315 1
395 1
10371 1
12402 1
396 1
627 1
7961 1
8716 1
2839 1
9386 1
8693 1
6855 1
11651 1
10434 1
1865 1
2167 1
398 1
401 1
403 1
404 1
1957 1
9760 1
11539 1
405 1
8928 1
407 1
1098 1
408 1
409 1
410 1
411 1
413 1
414 1
415 1
416 1
4568 1
12149 1
4703 1
1993 1
4330 1
8167 1
3246 1
8728 1
5701 1
420 1
11164 1
1142 1
422 1
423 1
7257 1
424 1
425 1
427 1
428 1
12223 1
3222 1
8788 1
9003 1
3741 1
8289 1
2846 1
4608 1
11531 1
431 1
432 1
433 1
435 1
12200 1
436 1
438 1
1643 1
10421 1
437 1
8544 1
11808 1
1910 1
6908 1
1720 1
11571 1
10290 1
8099 1
1019 1
439 1
2015 1
440 1
441 1
7441 1
442 1
677 1
9644 1
3655 1
6318 1
6060 1
445 1
11706 1
446 1
448 1
449 1
450 1
451 1
5997 1
6616 1
10497 1
4622 1
9523 1
10109 1
12084 1
8552 1
4435 1
4031 1
11081 1
9337 1
3221 1
7591 1
4809 1
9946 1
12472 1
3884 1
6203 1
8575 1
9959 1
8976 1
6446 1
9189 1
10019 1
3110 1
12123 1
6006 1
7626 1
1457 1
2643 1
2296 1
397 1
3696 1
10944 1
1669 1
655 1
5101 1
11771 1
5747 1
3226 1
4889 1
6297 1
4105 1
7888 1
1083 1
5795 1
9613 1
2297 1
5682 1
10591 1
10798 1
7113 1
3325 1
2493 1
6719 1
9953 1
4348 1
12003 1
515 1
11825 1
9267 1
11005 1
1321 1
10238 1
8480 1
11822 1
11197 1
6152 1
11863 1
1747 1
12224 1
6572 1
8117 1
11837 1
9875 1
11441 1
2744 1
5186 1
7410 1
12238 1
12616 1
9680 1
940 1
10852 1
11450 1
3478 1
4586 1
10170 1
6592 1
5197 1
9126 1
4401 1
8714 1
6773 1
9504 1
8719 1
9658 1
10291 1
453 1
11526 1
454 1
1783 1
455 1
456 1
457 1
1002 1
9676 1
458 1
460 1
8873 1
494 1
5443 1
461 1
462 1
3235 1
463 1
9775 1
464 1
465 1
9647 1
466 1
649 1
11815 1
7211 1
467 1
469 1
7414 1
1230 1
5722 1
470 1
471 1
473 1
474 1
478 1
479 1
480 1
481 1
486 1
487 1
488 1
6310 1
491 1
492 1
493 1
3687 1
2777 1
372 1
9513 1
5317 1
10224 1
8112 1
2014 1
5818 1
12022 1
5119 1
7110 1
6120 1
11169 1
11998 1
240 1
11287 1
5043 1
11126 1
4942 1
4106 1
11574 1
8329 1
9264 1
9678 1
10182 1
12482 1
2372 1
11471 1
9796 1
2099 1
2183 1
11619 1
12351 1
12594 1
1439 1
495 1
497 1
498 1
661 1
7680 1
6728 1
8492 1
11449 1
499 1
1398 1
9008 1
500 1
501 1
503 1
504 1
505 1
506 1
507 1
508 1
510 1
511 1
11065 1
2061 1
7012 1
7017 1
9171 1
1812 1
9174 1
11884 1
3676 1
7959 1
2042 1
1854 1
10382 1
9232 1
9812 1
12024 1
11806 1
1727 1
5406 1
1334 1
6347 1
2523 1
2728 1
5359 1
1744 1
4161 1
926 1
2960 1
10846 1
9885 1
11854 1
3181 1
5550 1
9926 1
512 1
9253 1
513 1
4724 1
514 1
516 1
5173 1
517 1
4785 1
7376 1
7717 1
10440 1
11384 1
7852 1
11121 1
6600 1
4957 1
520 1
5878 1
521 1
522 1
523 1
6466 1
7508 1
524 1
525 1
526 1
527 1
10534 1
10405 1
7115 1
6530 1
6253 1
10298 1
530 1
532 1
533 1
33 1
10724 1
5885 1
1227 1
898 1
10136 1
1996 1
8712 1
4892 1
534 1
535 1
536 1
3651 1
537 1
11984 1
538 1
540 1
541 1
542 1
543 1
544 1
11319 1
10918 1
11426 1
7719 1
12499 1
6335 1
8549 1
885 1
8271 1
6372 1
3028 1
12000 1
8045 1
3185 1
749 1
548 1
549 1
550 1
552 1
553 1
1265 1
555 1
556 1
557 1
558 1
560 1
4102 1
1488 1
9327 1
11167 1
640 1
2361 1
253 1
10015 1
11537 1
12158 1
11745 1
562 1
563 1
564 1
565 1
566 1
6607 1
568 1
569 1
11829 1
5047 1
570 1
573 1
2837 1
3599 1
9237 1
8887 1
2477 1
9710 1
6479 1
8082 1
9741 1
2213 1
10039 1
576 1
577 1
4307 1
581 1
582 1
12435 1
583 1
7240 1
584 1
585 1
587 1
589 1
590 1
1737 1
3722 1
9932 1
12429 1
9688 1
2771 1
6699 1
593 1
595 1
597 1
598 1
599 1
6689 1
600 1
601 1
2422 1
603 1
606 1
607 1
608 1
609 1
610 1
611 1
612 1
613 1
7219 1
3786 1
11983 1
616 1
617 1
5163 1
2921 1
10483 1
620 1
622 1
624 1
625 1
7714 1
4108 1
1132 1
9211 1
626 1
4467 1
6269 1
10096 1
11175 1
6836 1
7375 1
1441 1
2388 1
7303 1
7500 1
10609 1
1186 1
936 1
8854 1
8462 1
6830 1
6685 1
8110 1
4727 1
6874 1
11007 1
629 1
4803 1
8534 1
8342 1
630 1
631 1
2789 1
632 1
633 1
7203 1
861 1
634 1
635 1
636 1
638 1
1467 1
11687 1
6904 1
2199 1
11103 1
641 1
642 1
643 1
646 1
1360 1
647 1
9274 1
7562 1
9560 1
10032 1
9046 1
4661 1
1128 1
8113 1
11320 1
8260 1
4082 1
11025 1
1796 1
10519 1
9630 1
1971 1
802 1
4874 1
6486 1
1628 1
7143 1
9753 1
713 1
8103 1
650 1
8032 1
651 1
7572 1
653 1
654 1
12574 1
9738 1
10404 1
3043 1
9216 1
5468 1
12064 1
1482 1
12114 1
12570 1
9985 1
5456 1
2502 1
3014 1
5254 1
2934 1
6697 1
1344 1
1320 1
9826 1
12549 1
657 1
658 1
659 1
9030 1
5000 1
660 1
662 1
1507 1
663 1
664 1
666 1
667 1
668 1
669 1
2696 1
670 1
671 1
4893 1
6790 1
5842 1
6624 1
2713 1
4127 1
11401 1
673 1
5926 1
674 1
675 1
8344 1
429 1
678 1
4927 1
683 1
684 1
686 1
687 1
688 1
12526 1
690 1
691 1
693 1
3997 1
11251 1
696 1
12487 1
698 1
701 1
702 1
4364 1
704 1
705 1
6955 1
7313 1
7692 1
10396 1
707 1
708 1
709 1
710 1
11603 1
712 1
12312 1
714 1
715 1
716 1
717 1
722 1
3348 1
10866 1
723 1
724 1
725 1
9070 1
728 1
6892 1
729 1
730 1
731 1
7260 1
732 1
733 1
735 1
736 1
11548 1
738 1
10685 1
4852 1
12395 1
1257 1
2235 1
7051 1
9570 1
6803 1
11239 1
7702 1
3713 1
7806 1
8692 1
740 1
741 1
742 1
4149 1
744 1
745 1
746 1
747 1
4962 1
7395 1
9537 1
2468 1
903 1
10514 1
4559 1
1361 1
751 1
6933 1
752 1
753 1
754 1
757 1
758 1
759 1
12041 1
761 1
762 1
763 1
765 1
6460 1
1730 1
2750 1
2859 1
4548 1
6377 1
3018 1
7411 1
7363 1
6049 1
8151 1
1068 1
7868 1
767 1
768 1
769 1
1015 1
770 1
771 1
772 1
5379 1
773 1
774 1
775 1
776 1
777 1
778 1
11956 1
779 1
780 1
781 1
783 1
784 1
789 1
791 1
792 1
793 1
5394 1
794 1
7471 1
3136 1
797 1
10063 1
798 1
800 1
801 1
4824 1
803 1
804 1
805 1
5812 1
806 1
3622 1
809 1
5834 1
10151 1
10530 1
925 1
10226 1
8184 1
814 1
815 1
4593 1
816 1
817 1
818 1
820 1
4000 1
8787 1
8844 1
984 1
8906 1
8090 1
6188 1
5081 1
10344 1
822 1
823 1
824 1
825 1
6845 1
3378 1
826 1
827 1
1931 1
829 1
5273 1
2145 1
830 1
8979 1
12303 1
9193 1
12640 1
8952 1
1776 1
3491 1
11707 1
12285 1
2321 1
2334 1
3511 1
833 1
5260 1
10191 1
2187 1
11359 1
838 1
840 1
12507 1
841 1
842 1
843 1
3094 1
845 1
846 1
847 1
12268 1
2287 1
1520 1
5428 1
849 1
10275 1
850 1
853 1
854 1
1640 1
856 1
4475 1
11210 1
858 1
859 1
860 1
862 1
864 1
1327 1
865 1
12071 1
867 1
869 1
6791 1
10631 1
5411 1
12461 1
9483 1
10524 1
12477 1
4451 1
7802 1
4262 1
7811 1
11929 1
10216 1
8479 1
12315 1
2168 1
11113 1
11743 1
2482 1
7451 1
7421 1
5710 1
5339 1
7225 1
7534 1
5261 1
10674 1
3086 1
10931 1
4193 1
9693 1
4206 1
12199 1
872 1
5342 1
1479 1
4259 1
9565 1
6672 1
8075 1
873 1
874 1
7862 1
876 1
877 1
879 1
881 1
883 1
10719 1
7280 1
12338 1
2922 1
11732 1
4345 1
1829 1
9149 1
6839 1
1103 1
992 1
9848 1
8189 1
10447 1
7468 1
886 1
888 1
889 1
890 1
6947 1
891 1
2093 1
11650 1
5810 1
893 1
894 1
895 1
10341 1
896 1
10316 1
7426 1
899 1
900 1
904 1
9244 1
2312 1
5561 1
9950 1
906 1
908 1
909 1
914 1
915 1
2143 1
917 1
919 1
920 1
921 1
922 1
924 1
3840 1
4523 1
8856 1
9250 1
8226 1
2496 1
10691 1
1322 1
3408 1
927 1
928 1
929 1
930 1
1982 1
12509 1
5439 1
12331 1
10236 1
933 1
934 1
4020 1
3879 1
10162 1
10265 1
6653 1
1201 1
11310 1
9033 1
6873 1
6642 1
7290 1
937 1
941 1
3802 1
7575 1
6707 1
942 1
944 1
946 1
947 1
948 1
5820 1
951 1
952 1
953 1
954 1
5435 1
957 1
2329 1
958 1
6047 1
12311 1
4263 1
3954 1
4177 1
961 1
962 1
8203 1
11257 1
964 1
4396 1
967 1
968 1
969 1
9732 1
10622 1
9094 1
10901 1
973 1
974 1
975 1
443 1
977 1
3633 1
979 1
4856 1
3178 1
8670 1
980 1
982 1
2144 1
7105 1
1530 1
4711 1
983 1
7883 1
986 1
9085 1
7601 1
4010 1
2606 1
987 1
988 1
9260 1
1745 1
4926 1
7941 1
3783 1
5696 1
9634 1
12100 1
4099 1
2129 1
991 1
4796 1
993 1
6747 1
995 1
996 1
999 1
1000 1
1001 1
1279 1
12305 1
4453 1
1950 1
1458 1
5960 1
7266 1
6857 1
10522 1
8517 1
1182 1
3900 1
11809 1
2069 1
7285 1
10292 1
1735 1
1003 1
3340 1
1004 1
1007 1
1009 1
1010 1
1011 1
1012 1
1014 1
3601 1
5461 1
1577 1
1339 1
1911 1
3037 1
11924 1
11153 1
5115 1
10520 1
7082 1
1219 1
2863 1
1555 1
2335 1
4837 1
1018 1
1020 1
1022 1
1023 1
7795 1
1025 1
1026 1
1027 1
6722 1
12313 1
1029 1
4201 1
9282 1
1031 1
7911 1
8858 1
1032 1
1033 1
1108 1
1034 1
1035 1
1036 1
5005 1
9992 1
6027 1
1037 1
12622 1
1038 1
1039 1
1040 1
5726 1
1041 1
3486 1
1043 1
1044 1
1046 1
1047 1
1048 1
5849 1
1051 1
1052 1
1054 1
1055 1
1056 1
1057 1
7433 1
1060 1
1062 1
1063 1
1065 1
1066 1
11111 1
11012 1
10333 1
9746 1
4768 1
1069 1
2234 1
1070 1
4814 1
4245 1
1072 1
5124 1
1073 1
9587 1
1075 1
1076 1
2711 1
1078 1
2017 1
1079 1
1080 1
6628 1
1081 1
1082 1
5822 1
12166 1
4130 1
3067 1
6827 1
7170 1
5378 1
3992 1
12088 1
4784 1
7977 1
11874 1
3203 1
8 1
4789 1
7976 1
11067 1
4795 1
1598 1
1662 1
785 1
787 1
11077 1
25 1
11080 1
5594 1
1614 1
7218 1
4551 1
11086 1
4811 1
3370 1
5602 1
5603 1
3227 1
11614 1
5606 1
5610 1
6444 1
4829 1
2421 1
7234 1
4057 1
51 1
8014 1
1986 1
4063 1
4840 1
1595 1
6738 1
4850 1
5632 1
1654 1
836 1
1977 1
66 1
6477 1
11944 1
4860 1
11947 1
8803 1
5275 1
11949 1
848 1
6881 1
3279 1
2462 1
2104 1
6498 1
8196 1
4094 1
3287 1
2731 1
12013 1
6505 1
8832 1
5668 1
866 1
96 1
11160 1
4905 1
4910 1
878 1
7065 1
2484 1
10411 1
882 1
9790 1
8678 1
11781 1
9621 1
8857 1
4924 1
9627 1
1706 1
9325 1
10432 1
3337 1
10328 1
4141 1
3365 1
4947 1
911 1
912 1
8749 1
131 1
7332 1
10443 1
8879 1
3354 1
4952 1
8101 1
8106 1
8886 1
7338 1
142 1
1748 1
10455 1
5751 1
4970 1
970 1
11225 1
997 1
2536 1
8127 1
10464 1
12045 1
9681 1
10465 1
1761 1
943 1
155 1
10468 1
945 1
1764 1
10476 1
3225 1
4202 1
4204 1
10482 1
3405 1
10484 1
3759 1
1778 1
12239 1
8834 1
10490 1
12207 1
1190 1
971 1
181 1
9485 1
12075 1
2285 1
1333 1
4231 1
1061 1
1803 1
9726 1
1806 1
4240 1
3517 1
8960 1
7398 1
10836 1
11290 1
6294 1
12431 1
10059 1
9743 1
11300 1
5040 1
3450 1
3881 1
1820 1
10734 1
3453 1
4087 1
9749 1
8978 1
3104 1
8130 1
3384 1
2620 1
8994 1
3471 1
8211 1
2631 1
3835 1
9773 1
11337 1
4054 1
7045 1
5082 1
8222 1
9018 1
3256 1
11347 1
8074 1
2652 1
5844 1
5092 1
5851 1
1684 1
6520 1
10580 1
4944 1
3368 1
4973 1
10590 1
5111 1
6700 1
9201 1
10596 1
8251 1
12165 1
9040 1
10600 1
5892 1
8195 1
7207 1
3467 1
3524 1
1887 1
10613 1
2697 1
9059 1
1897 1
9061 1
8275 1
9067 1
6721 1
5906 1
2708 1
5144 1
4351 1
1917 1
8292 1
11412 1
12201 1
2132 1
10010 1
1120 1
4368 1
5162 1
319 1
1937 1
685 1
5177 1
10661 1
5944 1
11800 1
2743 1
7703 1
11442 1
8079 1
6321 1
2440 1
5274 1
2761 1
3603 1
5202 1
8335 1
9903 1
11123 1
9133 1
2770 1
8339 1
1162 1
5218 1
7204 1
9919 1
2425 1
6796 1
8782 1
5653 1
4096 1
7579 1
8833 1
393 1
12272 1
1995 1
2804 1
11604 1
12276 1
1195 1
8369 1
9173 1
9947 1
4447 1
8916 1
5686 1
3653 1
2822 1
8380 1
12116 1
7380 1
2830 1
8389 1
11617 1
9969 1
11536 1
7617 1
11538 1
1229 1
2032 1
1469 1
5618 1
4199 1
8238 1
2190 1
4489 1
9993 1
4491 1
3700 1
7640 1
11566 1
6443 1
4501 1
6870 1
6131 1
3200 1
10009 1
10772 1
4582 1
1380 1
5303 1
10883 1
6886 1
6105 1
4521 1
8955 1
10510 1
6896 1
6268 1
7673 1
7675 1
3128 1
4726 1
7644 1
10651 1
703 1
4748 1
11605 1
1536 1
6135 1
12389 1
2117 1
10819 1
6932 1
1325 1
8482 1
10825 1
4562 1
3323 1
2941 1
4509 1
6556 1
3775 1
11221 1
3363 1
11520 1
605 1
6170 1
4024 1
3577 1
10780 1
6968 1
230 1
11652 1
1867 1
6184 1
7742 1
8172 1
6187 1
5132 1
6983 1
3812 1
8528 1
6989 1
12447 1
2988 1
3862 1
6204 1
7764 1
6208 1
5403 1
8543 1
3001 1
6214 1
3697 1
3704 1
2194 1
3006 1
6456 1
7775 1
209 1
6225 1
10892 1
3023 1
2207 1
8677 1
8569 1
9350 1
3036 1
12480 1
2221 1
10138 1
11457 1
8588 1
3046 1
11778 1
7114 1
628 1
7041 1
7042 1
3054 1
8603 1
11832 1
8605 1
12504 1
7179 1
7833 1
7067 1
5472 1
1471 1
2267 1
11759 1
10417 1
1474 1
2095 1
3732 1
5485 1
10187 1
8627 1
2901 1
7097 1
3911 1
10195 1
12099 1
3108 1
1492 1
6527 1
7427 1
2294 1
3112 1
12137 1
11914 1
2303 1
9278 1
12561 1
3129 1
8652 1
10989 1
10222 1
7232 1
8205 1
2512 1
1188 1
1519 1
9721 1
7910 1
11006 1
9454 1
12589 1
12591 1
10445 1
4734 1
8676 1
7153 1
5527 1
11831 1
1541 1
11011 1
5530 1
7930 1
727 1
10693 1
2999 1
10809 1
7774 1
1403 1
3910 1
3060 1
11477 1
7954 1
7956 1
10284 1
2374 1
9503 1
5565 1
2382 1
4730 1
11767 1
1089 1
2193 1
8161 1
11145 1
8129 1
1090 1
5063 1
1091 1
1092 1
1093 1
1094 1
11886 1
1095 1
1096 1
9416 1
1097 1
2063 1
7602 1
6303 1
10547 1
12607 1
3538 1
10632 1
5857 1
1100 1
1101 1
1102 1
1104 1
1105 1
8527 1
1107 1
10297 1
2947 1
9273 1
4967 1
7054 1
11576 1
12511 1
11746 1
9872 1
8506 1
2589 1
3272 1
10559 1
1453 1
2757 1
7269 1
7848 1
3961 1
8725 1
1109 1
6207 1
1111 1
4241 1
1112 1
1113 1
1114 1
1115 1
1116 1
1117 1
9300 1
1119 1
1121 1
7023 1
1122 1
1125 1
9701 1
2053 1
1129 1
2434 1
10210 1
9625 1
9262 1
1131 1
5374 1
1133 1
1134 1
3214 1
1135 1
2717 1
11712 1
10296 1
6745 1
4801 1
11672 1
1136 1
1137 1
1140 1
1141 1
8301 1
12355 1
7373 1
4065 1
11481 1
5999 1
11733 1
1777 1
11515 1
8278 1
880 1
3943 1
9489 1
7541 1
7538 1
4448 1
8420 1
9638 1
8926 1
8093 1
3241 1
2612 1
1271 1
2077 1
1143 1
1145 1
1146 1
1147 1
1148 1
1150 1
8108 1
8764 1
10081 1
6163 1
1151 1
1152 1
1154 1
1155 1
7253 1
1157 1
1412 1
9287 1
7533 1
7437 1
8320 1
1159 1
5465 1
1160 1
4287 1
1163 1
1167 1
1168 1
5782 1
1169 1
1170 1
12234 1
1171 1
1172 1
1173 1
3204 1
1174 1
6028 1
6333 1
1175 1
1177 1
1178 1
1179 1
1180 1
2703 1
7567 1
11410 1
1183 1
10921 1
6463 1
11992 1
6746 1
3372 1
3798 1
10006 1
1187 1
9846 1
8943 1
9593 1
3252 1
1192 1
1193 1
1194 1
5644 1
1196 1
1197 1
7162 1
1198 1
1199 1
1202 1
1203 1
1204 1
1205 1
11405 1
1206 1
1207 1
1208 1
1211 1
4272 1
1212 1
3182 1
1213 1
10830 1
7904 1
10633 1
1214 1
11183 1
8746 1
1215 1
9379 1
5123 1
8807 1
3810 1
3144 1
11418 1
1217 1
10705 1
4268 1
10746 1
12030 1
7568 1
2675 1
8795 1
11953 1
6532 1
1221 1
1222 1
1223 1
11887 1
10113 1
2817 1
2292 1
2627 1
5014 1
6472 1
2871 1
6142 1
5663 1
8065 1
4718 1
2935 1
12225 1
4165 1
11237 1
9307 1
9317 1
1225 1
11122 1
9628 1
2933 1
1228 1
1231 1
1232 1
12093 1
1234 1
1236 1
3413 1
3174 1
1497 1
10664 1
11439 1
3560 1
10512 1
3737 1
1955 1
4764 1
7329 1
4594 1
8822 1
5863 1
1238 1
1239 1
5659 1
8365 1
9758 1
1241 1
3411 1
7808 1
1244 1
1245 1
1246 1
12031 1
1247 1
1248 1
1249 1
1250 1
1253 1
1254 1
5320 1
1255 1
11090 1
7166 1
1259 1
1260 1
1263 1
11626 1
2795 1
6852 1
12317 1
5475 1
10628 1
7903 1
4142 1
1266 1
1267 1
1268 1
1269 1
1270 1
1272 1
2766 1
1273 1
1274 1
1275 1
1277 1
10606 1
1278 1
6944 1
5727 1
1833 1
8430 1
9441 1
8847 1
12416 1
9527 1
4577 1
7262 1
1226 1
6843 1
1729 1
8687 1
2208 1
3275 1
5649 1
7856 1
6630 1
2325 1
3189 1
4503 1
2073 1
6651 1
11341 1
5807 1
4088 1
11420 1
11773 1
1280 1
11073 1
1281 1
8051 1
7217 1
1282 1
1285 1
2165 1
1286 1
1287 1
1288 1
2911 1
1289 1
3883 1
1291 1
5651 1
1293 1
1294 1
2026 1
1298 1
9184 1
5314 1
1299 1
1300 1
1301 1
1302 1
1303 1
5266 1
8070 1
2134 1
1306 1
1308 1
1309 1
6261 1
1311 1
1313 1
5804 1
1314 1
1316 1
1317 1
3832 1
9324 1
1717 1
10105 1
11305 1
3229 1
4458 1
6574 1
2304 1
2237 1
4664 1
11333 1
8214 1
2848 1
3361 1
10994 1
7281 1
5640 1
12326 1
12517 1
10026 1
3674 1
4493 1
8043 1
6492 1
3316 1
5135 1
7470 1
7841 1
9614 1
7481 1
7484 1
1672 1
7312 1
12377 1
8503 1
9840 1
1933 1
9868 1
7161 1
3576 1
3596 1
8510 1
6589 1
4192 1
1572 1
5761 1
9117 1
8426 1
9837 1
10050 1
4610 1
1324 1
9025 1
1326 1
9744 1
4434 1
9078 1
6461 1
7022 1
2359 1
6388 1
1330 1
4897 1
1331 1
3466 1
2038 1
4027 1
9397 1
3085 1
12610 1
1335 1
1336 1
1340 1
10963 1
1342 1
1343 1
9735 1
11368 1
1345 1
9199 1
2733 1
10797 1
12428 1
5559 1
1347 1
1348 1
1349 1
1350 1
7512 1
1351 1
1352 1
11927 1
10281 1
8865 1
1353 1
1355 1
9038 1
810 1
12195 1
1357 1
9664 1
1358 1
7107 1
8643 1
1364 1
10450 1
1827 1
3875 1
2239 1
6748 1
5970 1
4003 1
9082 1
10375 1
1366 1
1367 1
7120 1
1370 1
7231 1
5808 1
10615 1
1372 1
11099 1
10383 1
8136 1
1374 1
1375 1
1376 1
1377 1
1378 1
851 1
1381 1
1382 1
3606 1
4421 1
8941 1
7382 1
12641 1
1945 1
5503 1
1702 1
12387 1
2108 1
4249 1
12203 1
4056 1
1384 1
7589 1
4996 1
2240 1
1385 1
1386 1
1852 1
3626 1
10227 1
7004 1
1130 1
8684 1
887 1
12147 1
3894 1
3720 1
12302 1
1388 1
1390 1
1391 1
6538 1
10428 1
6942 1
10990 1
1393 1
1394 1
1395 1
1396 1
1399 1
1400 1
9112 1
1401 1
3594 1
11555 1
8072 1
6750 1
10843 1
1408 1
12512 1
10409 1
502 1
5601 1
1410 1
1411 1
7696 1
1413 1
8213 1
1414 1
7721 1
11813 1
12218 1
10996 1
9229 1
3929 1
4304 1
1415 1
1416 1
1418 1
4477 1
1419 1
1420 1
2991 1
8343 1
10493 1
4423 1
6206 1
4625 1
12085 1
8554 1
10884 1
7877 1
7400 1
5011 1
12292 1
11096 1
10142 1
3874 1
7424 1
3667 1
8593 1
6570 1
8601 1
834 1
1658 1
2456 1
8165 1
12368 1
4684 1
9598 1
5702 1
3714 1
9228 1
5252 1
5415 1
5675 1
11137 1
8745 1
7890 1
8853 1
9129 1
7817 1
12178 1
3324 1
4539 1
2704 1
3541 1
3332 1
11606 1
5146 1
9081 1
7044 1
11618 1
6557 1
8740 1
7913 1
8299 1
5356 1
11425 1
7718 1
3366 1
9283 1
1749 1
2347 1
8119 1
935 1
6963 1
6762 1
12049 1
11655 1
7547 1
9899 1
10863 1
4270 1
5557 1
8718 1
2559 1
1781 1
4012 1
4073 1
4723 1
1424 1
1425 1
4441 1
1427 1
1428 1
10965 1
1429 1
1431 1
1432 1
1433 1
1434 1
1435 1
1436 1
6031 1
1438 1
1440 1
1442 1
1444 1
9155 1
1445 1
1446 1
1447 1
1449 1
855 1
11336 1
1450 1
1452 1
1454 1
1459 1
1460 1
1461 1
1462 1
1464 1
9321 1
8566 1
7132 1
5467 1
7036 1
10932 1
4290 1
2270 1
5781 1
12115 1
2902 1
12375 1
5898 1
8087 1
11975 1
9276 1
5931 1
6571 1
3403 1
5176 1
6687 1
8918 1
3007 1
1470 1
6949 1
1475 1
1476 1
1477 1
1478 1
1480 1
2050 1
1481 1
1483 1
1484 1
1485 1
1486 1
1487 1
8283 1
3758 1
1489 1
1490 1
5070 1
1491 1
2752 1
1493 1
1494 1
3616 1
1495 1
1498 1
1499 1
1500 1
1501 1
1502 1
1503 1
1504 1
8357 1
4335 1
1506 1
10722 1
1508 1
1509 1
1510 1
1511 1
1512 1
9119 1
1618 1
1513 1
3901 1
1517 1
1518 1
1521 1
9380 1
1522 1
2113 1
3572 1
3547 1
1523 1
7566 1
2665 1
8616 1
11501 1
10581 1
5251 1
1528 1
1529 1
9351 1
2790 1
9158 1
9528 1
10414 1
4384 1
9954 1
8977 1
9948 1
8397 1
9990 1
3179 1
4089 1
3296 1
7296 1
8852 1
4934 1
7131 1
12417 1
1406 1
1561 1
6375 1
5549 1
9029 1
2171 1
3177 1
1531 1
10594 1
1533 1
1534 1
1535 1
1537 1
1539 1
1540 1
1542 1
7864 1
1544 1
1545 1
1546 1
7610 1
11663 1
1547 1
6256 1
1549 1
5391 1
2597 1
8163 1
1551 1
1552 1
1553 1
1556 1
11002 1
5673 1
9207 1
6197 1
1916 1
1559 1
1560 1
7627 1
1566 1
8240 1
11245 1
1569 1
1570 1
1573 1
1574 1
12138 1
1575 1
1576 1
1578 1
2674 1
10637 1
1580 1
9190 1
1581 1
1583 1
1584 1
5596 1
1586 1
12083 1
9266 1
12374 1
976 1
1587 1
1588 1
1589 1
1590 1
8808 1
3698 1
1592 1
3611 1
1593 1
1594 1
1596 1
1599 1
2157 1
1600 1
1601 1
1682 1
7288 1
1602 1
1604 1
1605 1
1606 1
1607 1
11120 1
1608 1
1609 1
1610 1
1611 1
2469 1
1612 1
1613 1
1615 1
1616 1
1617 1
1620 1
4792 1
3215 1
6927 1
11079 1
1705 1
2405 1
2407 1
2410 1
4820 1
8005 1
1626 1
5614 1
7233 1
4831 1
8781 1
10349 1
7308 1
10354 1
8019 1
8021 1
7248 1
6465 1
6797 1
8038 1
9585 1
11955 1
4086 1
10384 1
2464 1
82 1
11141 1
11142 1
2472 1
11970 1
4103 1
3302 1
4112 1
8849 1
11987 1
10416 1
5495 1
11173 1
118 1
11997 1
6555 1
2504 1
5699 1
8867 1
3339 1
11184 1
11500 1
3341 1
2515 1
10449 1
6564 1
4163 1
4964 1
8893 1
1751 1
12032 1
148 1
12467 1
4186 1
3389 1
8911 1
1765 1
11084 1
10592 1
7361 1
1144 1
4575 1
2564 1
4218 1
3426 1
4488 1
6171 1
10786 1
1804 1
2962 1
2588 1
3449 1
4580 1
4254 1
5799 1
10535 1
10538 1
2614 1
3461 1
10554 1
8997 1
5819 1
2630 1
11331 1
9004 1
7439 1
1839 1
3484 1
8394 1
9016 1
5840 1
245 1
12141 1
5846 1
6683 1
1067 1
6634 1
6711 1
9967 1
1885 1
1891 1
7489 1
1723 1
3535 1
4342 1
9823 1
7497 1
9071 1
8286 1
1915 1
12197 1
2005 1
3554 1
3558 1
4362 1
2720 1
5164 1
12444 1
9105 1
8314 1
2174 1
339 1
5187 1
1958 1
5972 1
4406 1
7556 1
11482 1
9921 1
9151 1
1985 1
8662 1
7583 1
400 1
3692 1
7595 1
10496 1
3648 1
8375 1
2818 1
10516 1
5246 1
8390 1
5262 1
10190 1
2836 1
4471 1
12308 1
9979 1
11272 1
2855 1
10732 1
11557 1
6082 1
6859 1
9220 1
11570 1
2882 1
6100 1
2889 1
2084 1
2087 1
6112 1
12362 1
489 1
7672 1
2900 1
6122 1
10030 1
9255 1
7645 1
6133 1
2111 1
7794 1
4554 1
2125 1
1323 1
6948 1
10867 1
6953 1
5366 1
7725 1
9290 1
9292 1
551 1
9257 1
3797 1
6229 1
3799 1
5377 1
9303 1
7038 1
12442 1
11666 1
10871 1
2994 1
11154 1
1397 1
7657 1
3010 1
3851 1
11697 1
3168 1
3869 1
10133 1
3870 1
10139 1
10146 1
8632 1
9365 1
3876 1
4660 1
9373 1
12611 1
6265 1
7057 1
8611 1
3888 1
10945 1
4677 1
6284 1
9399 1
6078 1
2271 1
12018 1
7085 1
10332 1
4176 1
7092 1
2286 1
7879 1
4327 1
10211 1
8646 1
4715 1
7123 1
697 1
3140 1
10688 1
2331 1
3328 1
8460 1
1538 1
9465 1
8686 1
10253 1
4751 1
5535 1
4757 1
10885 1
12615 1
3986 1
7557 1
3175 1
9378 1
3561 1
9493 1
4281 1
5698 1
5556 1
7960 1
8721 1
2632 1
7063 1
1627 1
1630 1
7553 1
1631 1
1632 1
6077 1
1634 1
1635 1
1636 1
1637 1
1638 1
1639 1
3979 1
1641 1
1642 1
1646 1
6718 1
1647 1
12629 1
1648 1
1649 1
1650 1
9087 1
1652 1
1653 1
12095 1
8229 1
6543 1
5951 1
43 1
1655 1
1656 1
1657 1
1659 1
1660 1
12556 1
1664 1
1665 1
1666 1
6471 1
1667 1
1670 1
1673 1
7554 1
9427 1
10262 1
2968 1
6185 1
3822 1
2112 1
1676 1
1677 1
1678 1
1679 1
1680 1
1681 1
8201 1
1685 1
2324 1
11097 1
6960 1
7944 1
11352 1
4426 1
5445 1
5039 1
1688 1
5143 1
3032 1
6448 1
1691 1
1693 1
1694 1
1695 1
1696 1
1698 1
1700 1
1703 1
11572 1
8846 1
11377 1
5919 1
9564 1
1708 1
1709 1
1710 1
1711 1
6013 1
1712 1
1716 1
1718 1
1719 1
136 1
1722 1
11790 1
12179 1
748 1
1724 1
1725 1
1726 1
1728 1
8769 1
4797 1
5850 1
1731 1
1734 1
1736 1
1738 1
1739 1
7896 1
1740 1
1742 1
2326 1
2551 1
10269 1
1752 1
1753 1
1754 1
1755 1
6789 1
12289 1
11494 1
6020 1
7594 1
1841 1
10131 1
2013 1
12300 1
3081 1
4276 1
11529 1
10185 1
6893 1
4995 1
9052 1
4775 1
9853 1
3285 1
10453 1
10089 1
12604 1
7737 1
8133 1
5178 1
1771 1
11470 1
6608 1
4213 1
1758 1
11076 1
11891 1
4812 1
2412 1
6449 1
9557 1
7247 1
6475 1
2455 1
9600 1
6938 1
8499 1
7829 1
3303 1
11988 1
6526 1
2497 1
3903 1
3335 1
5660 1
7344 1
3394 1
8143 1
6609 1
1786 1
8938 1
9717 1
11277 1
10812 1
3436 1
11295 1
11298 1
10540 1
2619 1
2967 1
12127 1
7994 1
12131 1
11343 1
246 1
11353 1
6541 1
11363 1
7469 1
8270 1
8295 1
3566 1
5168 1
11437 1
6753 1
6071 1
5212 1
5684 1
399 1
4133 1
11511 1
6051 1
7196 1
2835 1
9204 1
9989 1
9210 1
10108 1
9535 1
6875 1
12347 1
8433 1
9236 1
9248 1
6368 1
12393 1
5347 1
2948 1
2956 1
1058 1
3578 1
11665 1
10101 1
7007 1
3847 1
3021 1
10150 1
8606 1
9360 1
9367 1
12498 1
6254 1
10153 1
2243 1
12510 1
3885 1
7845 1
12523 1
5733 1
12533 1
12538 1
2486 1
10972 1
4702 1
7116 1
3933 1
9436 1
8656 1
2317 1
4446 1
4729 1
5521 1
6346 1
10874 1
5539 1
11845 1
5544 1
11029 1
3186 1
9423 1
7055 1
9486 1
4782 1
1760 1
1762 1
1763 1
1766 1
1767 1
1768 1
8700 1
1772 1
1773 1
1775 1
1779 1
3034 1
9425 1
1782 1
138 1
10603 1
10752 1
10366 1
1980 1
2600 1
11522 1
2913 1
4443 1
7443 1
10471 1
5652 1
12625 1
9464 1
11621 1
1785 1
1787 1
1788 1
1789 1
1790 1
1791 1
1794 1
1795 1
1797 1
1798 1
1800 1
1801 1
1805 1
9141 1
7008 1
1807 1
1808 1
1813 1
7616 1
6064 1
8766 1
1815 1
11974 1
1817 1
1819 1
1963 1
1823 1
1824 1
1825 1
1826 1
4762 1
1828 1
8392 1
231 1
12488 1
1830 1
10377 1
2634 1
6126 1
9183 1
8000 1
1832 1
1834 1
1835 1
1836 1
1837 1
1842 1
1843 1
1845 1
1847 1
1849 1
1850 1
1851 1
6127 1
1853 1
1855 1
1856 1
11584 1
12058 1
10778 1
1858 1
11016 1
1859 1
9536 1
4531 1
1862 1
10369 1
1863 1
1864 1
1866 1
9897 1
1869 1
1870 1
1872 1
1873 1
1874 1
1877 1
1878 1
12243 1
1880 1
11204 1
1881 1
7818 1
11252 1
3496 1
9955 1
1886 1
1888 1
1889 1
1890 1
1892 1
1893 1
1894 1
1896 1
6215 1
1899 1
1902 1
1903 1
1904 1
5068 1
5329 1
11354 1
5069 1
12635 1
2293 1
12492 1
1905 1
1906 1
8208 1
1908 1
1912 1
6566 1
1914 1
8845 1
11608 1
1918 1
10842 1
3377 1
1919 1
1920 1
1921 1
1922 1
1923 1
7548 1
1924 1
1925 1
1926 1
1928 1
1929 1
1930 1
1932 1
1934 1
1935 1
1936 1
1939 1
1940 1
1942 1
3132 1
1943 1
1946 1
1948 1
3808 1
8498 1
1951 1
1953 1
1954 1
12385 1
4370 1
4526 1
9936 1
4178 1
2209 1
10767 1
3142 1
3712 1
4605 1
9911 1
1959 1
1960 1
10568 1
3942 1
9336 1
2949 1
3804 1
9562 1
9839 1
1966 1
1967 1
1968 1
1969 1
350 1
11392 1
6155 1
6260 1
3087 1
3239 1
1973 1
1974 1
5455 1
1976 1
1978 1
10312 1
9432 1
1981 1
1983 1
1987 1
1989 1
1990 1
1991 1
1992 1
1994 1
8123 1
1998 1
1999 1
2001 1
2002 1
6992 1
2008 1
2009 1
5023 1
7699 1
2010 1
9976 1
12405 1
2041 1
9592 1
4717 1
6021 1
11897 1
7049 1
8779 1
3660 1
2438 1
9689 1
5825 1
11938 1
5462 1
8300 1
8910 1
6864 1
2579 1
4506 1
3518 1
3145 1
6906 1
5512 1
10617 1
11895 1
2768 1
2337 1
10247 1
6573 1
11019 1
12039 1
10078 1
7740 1
5302 1
7542 1
5552 1
6599 1
2018 1
10814 1
3113 1
2019 1
2020 1
2021 1
2022 1
2024 1
6484 1
2027 1
11348 1
2029 1
6139 1
2033 1
2034 1
2036 1
2037 1
2047 1
2048 1
2049 1
9254 1
2051 1
2052 1
11018 1
2055 1
2065 1
2066 1
8509 1
2071 1
2072 1
2074 1
2075 1
2076 1
2078 1
2079 1
2080 1
2081 1
2082 1
2083 1
621 1
2085 1
3574 1
2090 1
4346 1
3231 1
11209 1
8855 1
2091 1
4988 1
2094 1
2096 1
8316 1
2103 1
2105 1
2106 1
2107 1
2109 1
2110 1
12117 1
2114 1
2115 1
2118 1
2119 1
2120 1
2121 1
2864 1
2122 1
2123 1
554 1
2289 1
6744 1
8993 1
7300 1
6086 1
12319 1
5416 1
12327 1
6537 1
3501 1
2775 1
2126 1
2128 1
4951 1
2130 1
10244 1
7408 1
2133 1
6035 1
2135 1
8401 1
2136 1
2137 1
2139 1
2140 1
2146 1
2147 1
5753 1
2149 1
2150 1
2151 1
2153 1
2154 1
2723 1
2155 1
10192 1
3582 1
2158 1
2160 1
2162 1
2164 1
2554 1
2166 1
2170 1
10460 1
2173 1
2175 1
2178 1
2179 1
6985 1
7694 1
7403 1
12209 1
7552 1
10334 1
2182 1
2184 1
2185 1
2186 1
2188 1
2189 1
2192 1
2195 1
2198 1
4853 1
2201 1
2727 1
2202 1
2203 1
2204 1
2205 1
10397 1
2206 1
3680 1
2211 1
6118 1
2215 1
2216 1
3516 1
2217 1
2219 1
2220 1
2222 1
3636 1
6815 1
2223 1
4366 1
8279 1
2224 1
2225 1
2226 1
2227 1
5806 1
11980 1
2229 1
9740 1
10448 1
6367 1
2230 1
2232 1
2233 1
2236 1
2238 1
11480 1
7118 1
5157 1
2241 1
9256 1
11068 1
12364 1
9935 1
12332 1
4300 1
4144 1
2244 1
2245 1
2246 1
2247 1
5233 1
10939 1
3770 1
7597 1
2249 1
5075 1
6132 1
2251 1
2254 1
8747 1
2255 1
4931 1
4162 1
4705 1
11748 1
2258 1
2259 1
2260 1
2261 1
2264 1
5873 1
4613 1
4374 1
11273 1
4752 1
8688 1
6491 1
3124 1
9354 1
5120 1
6344 1
2268 1
2269 1
6147 1
4167 1
4306 1
2272 1
2273 1
2274 1
2275 1
6137 1
11094 1
2277 1
2278 1
2279 1
2280 1
2281 1
2282 1
4849 1
12468 1
4371 1
3133 1
8071 1
2313 1
10611 1
2288 1
2290 1
11170 1
8536 1
10208 1
10111 1
9439 1
10462 1
2299 1
2300 1
6281 1
8600 1
2301 1
2302 1
2305 1
2306 1
2308 1
2309 1
3228 1
2311 1
12463 1
9039 1
11702 1
11882 1
7206 1
10978 1
10562 1
7850 1
7139 1
10337 1
5352 1
2314 1
2315 1
2316 1
8532 1
4016 1
2320 1
2322 1
2323 1
10784 1
2327 1
5015 1
2328 1
4246 1
8466 1
9305 1
7164 1
7840 1
3356 1
8436 1
10986 1
2330 1
2332 1
2333 1
5934 1
9372 1
5343 1
2336 1
2339 1
6046 1
8348 1
2340 1
2341 1
2342 1
2343 1
10985 1
12072 1
7685 1
2348 1
2351 1
2352 1
2353 1
2354 1
2355 1
2356 1
6560 1
2362 1
2364 1
2365 1
10862 1
2366 1
7815 1
2369 1
2370 1
2371 1
2376 1
2377 1
2378 1
2379 1
2380 1
2381 1
8610 1
4550 1
2383 1
2385 1
10300 1
2386 1
5072 1
11364 1
6048 1
5193 1
7751 1
11708 1
3077 1
12339 1
3261 1
6202 1
4546 1
11558 1
9346 1
10436 1
4050 1
10047 1
2390 1
2391 1
2392 1
3569 1
2395 1
2396 1
2397 1
11686 1
5811 1
4229 1
12173 1
7636 1
6285 1
10783 1
8254 1
1879 1
10201 1
3930 1
6917 1
2399 1
11061 1
2401 1
2402 1
2403 1
8798 1
2404 1
2406 1
2411 1
4397 1
2413 1
2414 1
2415 1
2416 1
3975 1
2854 1
11582 1
11117 1
8219 1
7367 1
2640 1
12579 1
2417 1
3290 1
2419 1
2420 1
2423 1
9515 1
11535 1
6743 1
10107 1
7874 1
5909 1
12551 1
2963 1
3800 1
10951 1
7704 1
1956 1
5866 1
2426 1
2427 1
2429 1
2431 1
9661 1
10933 1
6869 1
7119 1
2432 1
2433 1
4517 1
2436 1
2437 1
10725 1
7191 1
2439 1
2441 1
2443 1
6326 1
5109 1
3202 1
4061 1
9768 1
2445 1
2447 1
2448 1
2449 1
4483 1
2451 1
2453 1
2454 1
2457 1
2460 1
2461 1
2466 1
10683 1
2467 1
9597 1
2476 1
10152 1
8407 1
11342 1
3281 1
2471 1
2474 1
2475 1
2478 1
2479 1
2480 1
2481 1
2483 1
2485 1
2487 1
2490 1
8996 1
2495 1
6659 1
5890 1
10200 1
4078 1
5519 1
4946 1
10913 1
8982 1
2499 1
2503 1
2505 1
2506 1
2782 1
7152 1
8395 1
3557 1
5311 1
9769 1
3062 1
10364 1
4207 1
6802 1
7201 1
9010 1
5471 1
9884 1
6535 1
7069 1
3645 1
3088 1
3944 1
2661 1
8922 1
4002 1
7578 1
9304 1
7914 1
10231 1
7748 1
8294 1
9961 1
6053 1
9457 1
4314 1
2508 1
2509 1
2513 1
2514 1
2516 1
2517 1
2519 1
2521 1
2522 1
3906 1
2524 1
2526 1
2527 1
2529 1
10071 1
2530 1
2531 1
2533 1
4653 1
2534 1
2537 1
10925 1
2540 1
2541 1
2542 1
11114 1
2546 1
2547 1
2548 1
3542 1
7588 1
2549 1
2550 1
8634 1
6290 1
2552 1
2553 1
2555 1
2556 1
2558 1
2560 1
2561 1
2562 1
2563 1
2565 1
2566 1
2567 1
2569 1
2570 1
2571 1
2572 1
8100 1
2573 1
7549 1
2574 1
2575 1
2576 1
2577 1
2578 1
5783 1
2580 1
2581 1
3991 1
7799 1
2583 1
2584 1
2585 1
11868 1
2586 1
5397 1
2587 1
2590 1
2591 1
2593 1
11180 1
2595 1
2596 1
2599 1
2601 1
2602 1
9130 1
2604 1
8621 1
2608 1
2609 1
9938 1
4632 1
5847 1
3744 1
2613 1
2615 1
10762 1
2616 1
4015 1
2618 1
6751 1
3963 1
2623 1
2624 1
2625 1
2626 1
5746 1
2628 1
12059 1
2633 1
3727 1
7385 1
11719 1
5704 1
6872 1
10959 1
2639 1
2642 1
7929 1
4527 1
4412 1
2645 1
2646 1
2647 1
2648 1
9905 1
2650 1
2651 1
8371 1
2655 1
2657 1
2658 1
2659 1
2662 1
2663 1
2666 1
2668 1
4618 1
2669 1
2671 1
2672 1
6595 1
2673 1
2676 1
2677 1
2678 1
6918 1
2679 1
2680 1
2681 1
2683 1
2684 1
12637 1
2685 1
2686 1
3146 1
2688 1
2689 1
2690 1
9609 1
10209 1
6173 1
2693 1
2694 1
2695 1
2699 1
2700 1
2701 1
2702 1
2705 1
4425 1
5507 1
2707 1
2709 1
2710 1
2712 1
11370 1
2714 1
2715 1
2719 1
2721 1
2905 1
2722 1
2724 1
11792 1
2725 1
2726 1
2729 1
7035 1
2734 1
9128 1
4175 1
539 1
12007 1
2738 1
2739 1
2740 1
2741 1
2742 1
2745 1
2746 1
2747 1
2748 1
2749 1
5933 1
2857 1
6569 1
2753 1
2755 1
2756 1
4480 1
2758 1
2759 1
2760 1
2763 1
2764 1
9118 1
8298 1
2767 1
8612 1
2772 1
2773 1
11803 1
7235 1
4097 1
5079 1
2778 1
2779 1
2780 1
2781 1
2785 1
2787 1
2788 1
10477 1
6167 1
2791 1
11979 1
2792 1
2793 1
2796 1
2797 1
11625 1
7989 1
10952 1
5393 1
9896 1
9390 1
2800 1
2802 1
2803 1
2805 1
10295 1
2808 1
2816 1
2819 1
2823 1
2824 1
2825 1
4591 1
2826 1
2828 1
2832 1
2833 1
8553 1
11834 1
2840 1
2842 1
2844 1
5221 1
10046 1
692 1
1532 1
5452 1
10808 1
4813 1
4513 1
4885 1
2847 1
5353 1
2851 1
2856 1
764 1
2858 1
9275 1
2860 1
2862 1
2865 1
10400 1
2867 1
2870 1
2872 1
2875 1
2876 1
11022 1
5613 1
5001 1
12346 1
2878 1
2879 1
2880 1
2881 1
6503 1
8393 1
2884 1
2885 1
2886 1
2887 1
8353 1
9376 1
12067 1
6130 1
2890 1
2891 1
2892 1
4098 1
2894 1
2897 1
2898 1
11753 1
2899 1
4668 1
2903 1
2904 1
9331 1
9709 1
3456 1
1455 1
3886 1
2906 1
2907 1
2908 1
10000 1
8866 1
2912 1
2914 1
9031 1
2915 1
2916 1
2917 1
2918 1
2924 1
2925 1
2927 1
2929 1
2932 1
11610 1
2937 1
9939 1
2938 1
2939 1
10042 1
2940 1
2943 1
2944 1
2946 1
6043 1
2950 1
2951 1
10593 1
10255 1
2952 1
2955 1
2958 1
2959 1
12214 1
2961 1
7604 1
2965 1
2966 1
3271 1
6714 1
8181 1
4857 1
10995 1
4819 1
5628 1
2971 1
2011 1
8762 1
10257 1
6823 1
2972 1
2973 1
2975 1
2976 1
6144 1
2977 1
2978 1
2979 1
2980 1
8987 1
875 1
12321 1
6211 1
7404 1
3663 1
2983 1
2984 1
2985 1
2986 1
6113 1
2987 1
2989 1
4716 1
2990 1
12366 1
2993 1
2995 1
2996 1
10544 1
2998 1
3002 1
3003 1
7000 1
3004 1
3008 1
3009 1
8815 1
3184 1
5657 1
3011 1
3012 1
3013 1
3015 1
3016 1
9322 1
3020 1
3022 1
8091 1
3026 1
3027 1
3029 1
3030 1
3031 1
5048 1
3573 1
3035 1
3038 1
3040 1
3041 1
3042 1
3045 1
6866 1
3047 1
3048 1
3049 1
9855 1
5899 1
3055 1
6646 1
3056 1
3058 1
3059 1
11187 1
3061 1
3064 1
3068 1
3069 1
3070 1
3071 1
3073 1
6552 1
4631 1
8814 1
3075 1
3078 1
3079 1
4391 1
6072 1
3533 1
9682 1
8049 1
6548 1
6928 1
8768 1
6692 1
7264 1
9139 1
4084 1
3082 1
3083 1
9023 1
3089 1
3090 1
3091 1
3093 1
5583 1
5537 1
4742 1
8485 1
11150 1
3095 1
3096 1
3097 1
3099 1
3100 1
3101 1
9369 1
3103 1
3105 1
3106 1
3107 1
7520 1
12495 1
11658 1
7621 1
11552 1
10868 1
3111 1
9116 1
5774 1
7981 1
7780 1
8258 1
4912 1
9100 1
9467 1
10656 1
6583 1
9398 1
12056 1
9501 1
3115 1
3117 1
3119 1
3120 1
3123 1
3194 1
3125 1
3126 1
3127 1
3130 1
3131 1
2159 1
6853 1
11213 1
3137 1
3138 1
11705 1
3139 1
3141 1
3447 1
6019 1
3143 1
10176 1
11027 1
3147 1
3148 1
3149 1
3150 1
3153 1
3154 1
5210 1
3157 1
3158 1
3159 1
3160 1
3161 1
3162 1
3163 1
12456 1
5096 1
3165 1
3167 1
3169 1
3170 1
3172 1
12621 1
4320 1
11454 1
8241 1
4679 1
7358 1
3173 1
9999 1
11294 1
9924 1
9222 1
4643 1
5357 1
3176 1
12150 1
10549 1
11325 1
5291 1
4461 1
3187 1
6440 1
3191 1
3193 1
3195 1
3196 1
3197 1
3198 1
5946 1
8081 1
12496 1
3201 1
6654 1
4980 1
9772 1
10728 1
3206 1
3207 1
3208 1
3212 1
3213 1
3220 1
7540 1
7518 1
3223 1
3224 1
3230 1
3232 1
3233 1
12425 1
3236 1
3237 1
8576 1
6244 1
3240 1
3242 1
3243 1
3244 1
7705 1
3245 1
6250 1
6517 1
8732 1
10159 1
5508 1
2360 1
11124 1
5900 1
3998 1
4197 1
11098 1
6500 1
5057 1
3247 1
3248 1
10318 1
3250 1
4465 1
6665 1
11258 1
10521 1
8790 1
5459 1
12620 1
9072 1
5948 1
8098 1
8520 1
3612 1
5988 1
3255 1
3257 1
3258 1
3259 1
6039 1
3262 1
3264 1
3265 1
3267 1
3925 1
6732 1
3270 1
3273 1
3274 1
3276 1
3278 1
10430 1
3280 1
3282 1
1792 1
3283 1
7926 1
5971 1
12063 1
3284 1
3289 1
3291 1
3292 1
3293 1
3297 1
3298 1
3299 1
7716 1
3300 1
3301 1
3304 1
3305 1
3307 1
3308 1
3309 1
3311 1
3313 1
3314 1
3315 1
3317 1
3318 1
3319 1
3321 1
3322 1
9037 1
3327 1
3329 1
3330 1
3333 1
3334 1
6055 1
3336 1
4765 1
8354 1
7334 1
4253 1
3343 1
3344 1
3345 1
9928 1
3346 1
3349 1
3350 1
3351 1
3352 1
3353 1
3355 1
9371 1
3357 1
3358 1
3359 1
3360 1
11264 1
2568 1
4474 1
3728 1
9500 1
12124 1
8522 1
10790 1
7925 1
3367 1
3369 1
9545 1
3374 1
3375 1
3376 1
3379 1
3380 1
10310 1
6889 1
9704 1
7711 1
8015 1
10206 1
10711 1
5637 1
10716 1
4611 1
9021 1
9828 1
6760 1
4275 1
3385 1
3386 1
10503 1
5234 1
8804 1
7271 1
8671 1
8450 1
3532 1
8819 1
11881 1
12066 1
5108 1
3390 1
3391 1
3392 1
4955 1
10149 1
5267 1
12081 1
9580 1
8881 1
3396 1
4902 1
12409 1
7401 1
5113 1
3398 1
3399 1
6740 1
3400 1
3401 1
5245 1
11850 1
4049 1
3777 1
3406 1
3407 1
6407 1
9147 1
5413 1
10712 1
5700 1
3555 1
11763 1
11140 1
9166 1
4985 1
8373 1
5789 1
4251 1
9997 1
10578 0
12151 0
7279 0
7674 0
3410 0
3414 0
3415 0
3417 0
10754 0
3419 0
3420 0
3421 0
3422 0
3423 0
3424 0
3425 0
3428 0
3429 0
3430 0
3431 0
3433 0
3435 0
3437 0
3439 0
3440 0
3441 0
3443 0
8939 0
7103 0
3444 1
7028 1
3445 0
3446 0
3448 0
10528 0
7905 0
3451 0
3452 0
11824 0
7154 0
9801 0
2617 0
10175 0
9251 0
8582 0
8830 0
11873 0
3455 0
3457 0
3458 0
3459 0
3460 0
3462 0
3463 0
7902 0
12089 0
10523 0
7997 0
6991 0
11720 0
11731 0
12503 0
12291 0
8414 0
7454 0
9459 0
11777 0
3738 0
5505 0
7126 0
5911 0
10634 0
3952 0
7712 0
6257 0
5778 0
10467 0
9122 0
8713 0
7955 0
3470 0
3472 0
3473 0
9178 0
3475 0
3480 0
9751 0
9326 0
7011 0
3482 0
3483 0
6452 0
3579 0
7631 0
10624 0
3487 0
3490 0
3492 0
3495 0
3497 0
3499 0
3502 0
7746 0
9920 0
4634 0
5564 0
3985 0
11020 0
11464 0
8628 0
3505 0
3508 0
3510 0
3512 0
3513 0
9284 0
3519 0
3522 0
3523 0
7599 0
3955 0
3527 0
3528 0
3529 0
3534 0
8758 0
11051 0
3536 0
3537 0
3539 0
3540 0
7927 0
1423 0
3543 0
3546 0
4899 0
11586 0
9665 0
7440 0
12609 0
8645 0
6730 0
5232 0
6154 0
7738 0
7447 0
7074 0
9451 0
10458 0
4059 0
3550 0
10653 0
3551 0
3552 0
3553 0
7434 0
6330 0
12490 0
3556 0
3559 0
8638 0
5577 0
4007 0
7965 0
3563 0
3565 0
3567 0
5154 0
7958 0
3571 0
10934 0
3575 0
6625 0
4224 0
9460 0
3580 0
3581 0
5414 0
12204 0
3586 0
3588 0
3589 0
3590 0
3591 0
7720 0
8001 0
3597 0
3600 0
3602 0
3604 0
3584 0
6419 0
5925 0
10604 0
6001 0
3607 0
3608 0
3609 0
11593 0
9779 0
3613 0
3615 0
3617 0
3619 0
3620 0
3621 0
3623 0
7359 0
6270 0
6123 0
10127 0
9198 0
3627 0
5121 0
3628 0
11919 0
3629 0
3631 0
3632 0
8026 0
5706 0
3634 0
3637 0
3638 0
3639 0
3641 0
3642 0
3643 0
8461 0
3644 0
4865 0
3647 0
3650 0
3657 0
3658 0
3659 0
5376 0
3661 0
3662 0
3664 0
4766 0
3665 0
3666 0
3668 0
3669 0
3670 0
3671 0
3672 0
3675 0
3679 0
3681 0
4 0
3684 0
3685 0
3686 0
9880 0
3688 0
3689 0
3690 0
12164 0
8502 0
3693 0
3694 0
3695 0
3699 0
5364 0
3701 0
9991 0
3703 0
3705 0
3706 0
3707 0
3708 0
3709 0
5902 0
3710 0
6611 0
3715 0
3716 0
3717 0
3718 0
3721 0
3723 0
3725 0
3726 0
3730 0
3733 0
3736 0
10331 0
3742 0
3746 0
3747 0
3748 0
3749 0
2177 0
2810 0
1110 0
8947 0
4909 0
2394 0
7058 0
8903 0
7064 0
7731 0
9265 0
1952 0
9478 0
1185 0
6002 0
4495 0
12052 0
6437 0
8518 0
6921 0
5382 0
1621 0
12394 0
11188 0
9131 0
2930 0
5102 0
755 0
5051 0
1161 0
9708 0
6742 0
3752 0
6115 0
3754 0
3755 0
2970 0
3756 0
3757 0
3760 0
3765 0
3867 0
4312 0
8972 0
4378 0
5442 0
9802 0
3768 0
3769 0
5986 0
3773 0
3778 0
3779 0
3781 0
3782 0
3784 0
3785 0
3787 0
8252 0
6247 0
3789 0
3790 0
3791 0
3792 0
3793 0
3795 0
3796 0
3803 0
3805 0
3806 0
6364 0
3807 0
3811 0
3813 0
3815 0
3816 0
3817 0
3818 0
3819 0
3821 0
3823 0
7356 0
3825 0
3826 0
3827 0
3828 0
3831 0
3833 0
3834 0
3836 0
3837 0
6888 0
4553 0
3841 0
6911 0
3843 0
3845 0
3846 0
4719 0
3848 0
3849 0
3850 0
3852 0
3854 0
3855 0
3858 0
3859 0
3860 0
3864 0
3865 0
3868 0
3871 0
3873 0
3878 0
3880 0
3882 0
3887 0
3889 0
12568 0
3891 0
3892 0
6233 0
3893 0
3895 0
3896 0
1868 0
3897 0
3898 0
4772 0
8416 0
2811 0
832 0
7624 0
9821 0
7133 0
9405 0
1554 0
8724 0
5349 0
1437 0
7340 0
5277 0
7974 0
4672 0
6169 0
8942 0
3904 0
3905 0
7301 0
4274 0
5316 0
3907 0
3908 0
6395 0
3909 0
3912 0
3913 0
3914 0
3915 0
3916 0
3917 0
3918 0
3921 0
3922 0
6939 0
3923 0
3928 0
3364 0
3931 0
7355 0
5923 0
3934 0
1644 0
11556 0
5484 0
3936 0
3939 0
3940 0
3941 0
3945 0
3946 0
3947 0
3948 0
3949 0
3951 0
3953 0
8056 0
3956 0
3958 0
6876 0
3959 0
2850 0
3960 0
3962 0
3964 0
3966 0
3968 0
3969 0
3970 0
3971 0
3972 0
5065 0
3976 0
3977 0
3978 0
3980 0
3982 0
8767 0
10225 0
3983 0
3984 0
9095 0
3987 0
3988 0
12190 0
1964 0
3993 0
3994 0
3995 0
3996 0
4001 0
9770 0
9977 0
11653 0
4966 0
4004 0
11862 0
4009 0
4226 0
4013 0
4014 0
10323 0
8801 0
4017 0
4019 0
5327 0
4022 0
4023 0
4025 0
4026 0
4028 0
4029 0
4030 0
4032 0
4033 0
4034 0
4035 0
4036 0
4037 0
4039 0
6656 0
4041 0
11102 0
9654 0
9412 0
7679 0
4343 0
5729 0
6578 0
4043 0
4044 0
4045 0
4046 0
4048 0
4051 0
4053 0
4055 0
6024 0
5301 0
4058 0
4060 0
8370 0
4062 0
4067 0
9311 0
4069 0
4070 0
4071 0
4072 0
4690 0
4074 0
4075 0
4076 0
4077 0
9026 0
4079 0
7614 0
8255 0
8842 0
12040 0
12537 0
4091 0
3474 0
4360 0
4100 0
11671 0
4113 0
4104 0
4107 0
4110 0
11297 0
7190 0
4115 0
4116 0
4117 0
4736 0
4118 0
10729 0
4122 0
4123 0
4124 0
4125 0
4126 0
4128 0
4129 0
11217 0
2809 0
4455 0
8388 0
3052 0
1053 0
6081 0
11965 0
7326 0
3549 0
918 0
10831 0
11628 0
2363 0
5981 0
8309 0
9140 0
4131 0
4132 0
4681 0
7250 0
5034 0
6684 0
4136 0
4137 0
6004 0
4138 0
6513 0
9575 0
8102 0
4140 0
6312 0
4143 0
4145 0
8193 0
4147 0
7916 0
1127 0
4148 0
11842 0
8264 0
12172 0
4151 0
6406 0
11200 0
6409 0
9518 0
9520 0
12 0
6415 0
6418 0
6518 0
6529 0
6544 0
6426 0
5831 0
6612 0
6439 0
9544 0
6441 0
5611 0
12134 0
9552 0
5836 0
9555 0
11293 0
11616 0
10351 0
9572 0
10045 0
7980 0
9574 0
9522 0
6482 0
9578 0
5843 0
10070 0
6644 0
9916 0
9588 0
9590 0
75 0
6495 0
9594 0
9596 0
9599 0
7140 0
11701 0
4297 0
9604 0
6506 0
6507 0
6511 0
3294 0
11622 0
6519 0
8487 0
9611 0
6522 0
9615 0
6525 0
6531 0
9622 0
9623 0
6536 0
6539 0
7182 0
4881 0
11723 0
9637 0
9639 0
9640 0
6549 0
9645 0
6553 0
11826 0
9653 0
6558 0
6562 0
9659 0
11615 0
5449 0
5398 0
5424 0
10064 0
6084 0
6576 0
11037 0
6579 0
11637 0
9679 0
6586 0
6587 0
6588 0
6593 0
9687 0
9539 0
4816 0
11514 0
9697 0
6435 0
6605 0
7999 0
11638 0
9703 0
6610 0
6614 0
6124 0
7582 0
6618 0
11063 0
9362 0
8050 0
193 0
10075 0
12454 0
12433 0
9727 0
7700 0
6637 0
6638 0
6641 0
6643 0
9739 0
205 0
7475 0
6648 0
9745 0
8007 0
9548 0
4322 0
12288 0
9047 0
6657 0
8633 0
6661 0
6662 0
3477 0
6668 0
9776 0
6670 0
6671 0
4408 0
9780 0
5690 0
8511 0
5772 0
3494 0
8817 0
9800 0
6706 0
6708 0
8550 0
9810 0
9219 0
9559 0
6710 0
8227 0
6712 0
9819 0
9820 0
4839 0
9822 0
7607 0
1909 0
9827 0
6720 0
9833 0
6724 0
8523 0
6726 0
4338 0
9841 0
9842 0
6840 0
6734 0
9849 0
6737 0
6739 0
9854 0
9860 0
9861 0
12184 0
8495 0
9876 0
10092 0
9878 0
6758 0
9882 0
9890 0
6766 0
6770 0
5396 0
9908 0
9909 0
10721 0
6783 0
4953 0
6786 0
11116 0
6788 0
9917 0
6793 0
6794 0
8537 0
9930 0
6800 0
6801 0
9937 0
10126 0
6804 0
6806 0
4601 0
9944 0
6810 0
6813 0
9949 0
3649 0
10102 0
9956 0
6822 0
6826 0
9962 0
11758 0
11902 0
6833 0
5405 0
7544 0
6838 0
9981 0
3682 0
8521 0
10387 0
9988 0
10084 0
9170 0
9858 0
9245 0
10007 0
10008 0
6879 0
7558 0
6882 0
6885 0
10016 0
3724 0
484 0
485 0
10020 0
9375 0
76 0
9384 0
6898 0
6902 0
6903 0
11693 0
9426 0
6909 0
3739 0
6496 0
6915 0
12219 0
10033 0
9498 0
10035 0
6924 0
6037 0
6926 0
6930 0
10041 0
9573 0
11155 0
11139 0
8561 0
10049 0
9895 0
931 0
9764 0
3288 0
9660 0
6951 0
6954 0
10069 0
9101 0
6967 0
6970 0
6972 0
10077 0
10079 0
10080 0
10507 0
6979 0
6980 0
9830 0
6986 0
10087 0
10088 0
9106 0
8570 0
7210 0
6994 0
10179 0
10098 0
6997 0
4894 0
6999 0
6946 0
10104 0
10426 0
7010 0
594 0
10110 0
11158 0
7016 0
9607 0
10122 0
4386 0
10125 0
10097 0
8562 0
7027 0
7029 0
10116 0
6514 0
7537 0
10132 0
10134 0
8617 0
10137 0
4422 0
7039 0
3877 0
4906 0
10154 0
10156 0
10157 0
10264 0
10160 0
10163 0
4424 0
2338 0
10322 0
5422 0
10346 0
10169 0
10173 0
7075 0
10390 0
4393 0
7077 0
10106 0
3902 0
10183 0
7083 0
7087 0
4171 0
7089 0
7096 0
10194 0
4221 0
10198 0
4555 0
10573 0
5814 0
9618 0
12244 0
7040 0
7122 0
10655 0
10223 0
10228 0
10230 0
3957 0
10239 0
10240 0
10768 0
718 0
10242 0
7149 0
7150 0
4536 0
7151 0
4552 0
10245 0
10251 0
5975 0
10258 0
10694 0
10260 0
5198 0
10263 0
11740 0
10899 0
10267 0
8083 0
10915 0
10268 0
7177 0
10272 0
10946 0
8085 0
10277 0
10282 0
750 0
10161 0
7184 0
4750 0
10289 0
5345 0
4791 0
9964 0
7194 0
10299 0
9312 0
10305 0
7200 0
7208 0
10317 0
7212 0
7216 0
1895 0
11208 0
7991 0
7222 0
4783 0
11261 0
10577 0
6022 0
8120 0
10335 0
10336 0
5056 0
5058 0
7230 0
5064 0
5077 0
11754 0
7239 0
11389 0
7242 0
7243 0
7245 0
7246 0
11430 0
5184 0
10362 0
10217 0
7254 0
10368 0
10370 0
10372 0
10373 0
4430 0
9301 0
5283 0
10909 0
4083 0
7276 0
852 0
11602 0
9152 0
4093 0
7282 0
10389 0
7286 0
7287 0
10392 0
7289 0
7291 0
10398 0
5419 0
7078 0
11739 0
10407 0
10413 0
6017 0
10418 0
10419 0
7314 0
4119 0
10424 0
9168 0
11765 0
5365 0
5643 0
7335 0
4155 0
6679 0
11211 0
4159 0
12146 0
4298 0
4168 0
9666 0
7347 0
7348 0
4887 0
4173 0
4174 0
11215 0
10459 0
12096 0
7352 0
4182 0
10466 0
10469 0
7354 0
10470 0
5854 0
7360 0
5893 0
5896 0
9176 0
4211 0
8726 0
4212 0
7368 0
10492 0
7374 0
4220 0
12287 0
10499 0
10500 0
10501 0
9672 0
4227 0
10504 0
7386 0
10506 0
7389 0
12371 0
8114 0
7396 0
10515 0
4243 0
7402 0
10525 0
10526 0
4247 0
6186 0
998 0
12446 0
10532 0
1008 0
4258 0
7415 0
4261 0
7417 0
6582 0
7420 0
6736 0
7423 0
4265 0
10542 0
10545 0
10546 0
7429 0
4271 0
7431 0
10553 0
8131 0
7432 0
10556 0
10202 0
4278 0
10558 0
4280 0
12634 0
10563 0
10564 0
10565 0
10566 0
4958 0
4288 0
4291 0
8135 0
7448 0
4294 0
7449 0
9144 0
7452 0
7453 0
10579 0
7608 0
10583 0
1064 0
9686 0
10585 0
4310 0
7465 0
4644 0
12237 0
4318 0
8139 0
7473 0
7476 0
10893 0
10605 0
7479 0
4326 0
10607 0
6832 0
10614 0
10616 0
7487 0
10619 0
10870 0
7495 0
7496 0
4344 0
6974 0
10626 0
7499 0
10630 0
7501 0
10214 0
4355 0
10636 0
9610 0
11493 0
7506 0
7507 0
12161 0
10640 0
6159 0
7509 0
10645 0
10646 0
7513 0
4369 0
10650 0
4372 0
8653 0
7521 0
6940 0
7522 0
7524 0
10219 0
4379 0
4380 0
6606 0
10666 0
10668 0
10669 0
4383 0
4388 0
9702 0
10678 0
8372 0
10680 0
7545 0
4398 0
7098 0
4400 0
4404 0
4405 0
7158 0
10697 0
4418 0
7561 0
7563 0
9338 0
7569 0
7573 0
4428 0
9601 0
9529 0
10707 0
7273 0
4431 0
7580 0
4436 0
10713 0
12005 0
7370 0
7600 0
10733 0
6193 0
10739 0
5517 0
10741 0
10742 0
4462 0
10232 0
10745 0
4219 0
10765 0
7618 0
7619 0
4476 0
4478 0
4482 0
12412 0
7577 0
10755 0
10759 0
10761 0
4492 0
7635 0
4496 0
4497 0
7639 0
10770 0
4498 0
7642 0
5665 0
7643 0
7646 0
7650 0
12334 0
10005 0
7653 0
4515 0
7765 0
10787 0
7658 0
7782 0
11848 0
10788 0
7659 0
8168 0
7660 0
7661 0
10791 0
8620 0
4528 0
10793 0
10794 0
7676 0
7682 0
10801 0
7688 0
10806 0
7690 0
5149 0
7697 0
6677 0
7706 0
10340 0
4561 0
4565 0
4950 0
11216 0
10834 0
4567 0
9227 0
4569 0
4571 0
7723 0
10847 0
2030 0
4578 0
7728 0
8175 0
10849 0
10853 0
7736 0
10855 0
8209 0
4588 0
10859 0
1365 0
4596 0
9549 0
8291 0
10864 0
7750 0
12353 0
7753 0
7754 0
4609 0
7759 0
7760 0
4614 0
1389 0
4617 0
7656 0
7766 0
4620 0
4621 0
4623 0
10881 0
4628 0
7776 0
1404 0
7777 0
1407 0
7781 0
10058 0
7786 0
12274 0
11134 0
4638 0
4640 0
5046 0
4641 0
7797 0
7800 0
7801 0
5638 0
7807 0
4648 0
5695 0
7176 0
4524 0
4652 0
7172 0
7814 0
4655 0
10920 0
10923 0
4659 0
10924 0
8665 0
7825 0
7827 0
4665 0
7832 0
7835 0
12420 0
7839 0
11316 0
10940 0
4669 0
10943 0
4674 0
10948 0
10949 0
4680 0
10950 0
7671 0
7855 0
10953 0
4688 0
8896 0
10957 0
10960 0
10962 0
9754 0
7872 0
7873 0
4532 0
10968 0
10974 0
7884 0
4704 0
6617 0
7887 0
7889 0
11323 0
8975 0
9060 0
8715 0
7891 0
7892 0
10984 0
7894 0
11324 0
4721 0
10993 0
7897 0
9150 0
10997 0
7901 0
9163 0
9914 0
7908 0
7909 0
9242 0
11008 0
4737 0
7922 0
9299 0
5004 0
10807 0
4746 0
5869 0
11865 0
7937 0
7320 0
4758 0
11021 0
11023 0
4761 0
8936 0
7945 0
7947 0
7715 0
7948 0
4767 0
11034 0
4769 0
4771 0
3479 0
11039 0
11041 0
11847 0
11044 0
7043 0
11046 0
7962 0
11050 0
7964 0
7967 0
7968 0
7969 0
7970 0
11057 0
3218 0
6669 0
9355 0
4788 0
7973 0
11060 0
8062 0
10326 0
11069 0
11071 0
7982 0
4798 0
4802 0
4804 0
7192 0
4805 0
4806 0
10818 0
11088 0
7530 0
7998 0
1619 0
4817 0
11092 0
5669 0
4827 0
11100 0
9781 0
7422 0
11105 0
9809 0
8018 0
11107 0
7708 0
11109 0
2350 0
11110 0
8023 0
4331 0
8027 0
7942 0
8033 0
8034 0
4858 0
8036 0
8039 0
11128 0
4866 0
11132 0
8044 0
4870 0
4872 0
4876 0
4877 0
8054 0
4883 0
5242 0
11143 0
8057 0
4886 0
11146 0
11148 0
8060 0
6150 0
4895 0
4898 0
1689 0
11159 0
7209 0
4907 0
8067 0
8068 0
8069 0
11165 0
8919 0
4915 0
8076 0
9791 0
4923 0
4925 0
11177 0
7214 0
4933 0
1715 0
10306 0
4566 0
4943 0
11189 0
4945 0
8092 0
11192 0
10353 0
8096 0
11194 0
11195 0
4956 0
11198 0
8105 0
4959 0
11202 0
11203 0
11205 0
6108 0
4963 0
8115 0
8242 0
11220 0
4978 0
4981 0
8245 0
11228 0
4986 0
8134 0
5735 0
4196 0
8140 0
8145 0
4998 0
4999 0
8148 0
11250 0
5002 0
4375 0
6842 0
8154 0
9521 0
2218 0
5006 0
11255 0
4402 0
8157 0
8160 0
11260 0
11262 0
11266 0
5012 0
11267 0
11268 0
8162 0
11271 0
5018 0
7727 0
5020 0
11275 0
11276 0
11278 0
5025 0
11280 0
8171 0
9043 0
5029 0
11289 0
7226 0
4581 0
5036 0
5037 0
8179 0
8180 0
4624 0
11303 0
5045 0
11307 0
8188 0
11314 0
8190 0
8191 0
8194 0
8199 0
4697 0
5059 0
11399 0
4706 0
10854 0
8441 0
9913 0
8206 0
12427 0
11328 0
8210 0
11017 0
8212 0
11332 0
11335 0
8215 0
8216 0
11338 0
5078 0
8221 0
9055 0
10856 0
4822 0
8224 0
5085 0
5086 0
11346 0
8228 0
11349 0
11350 0
8232 0
5090 0
5091 0
5360 0
5093 0
5094 0
5095 0
5097 0
4510 0
11361 0
11365 0
11366 0
11367 0
5106 0
2025 0
11369 0
8246 0
6680 0
11373 0
11374 0
1875 0
11379 0
1883 0
11385 0
11387 0
8262 0
5125 0
8267 0
8268 0
5127 0
5128 0
5134 0
8277 0
11395 0
5576 0
8089 0
11402 0
5131 0
5147 0
8285 0
8783 0
5265 0
11508 0
11393 0
11408 0
5150 0
11411 0
5153 0
8296 0
5156 0
11416 0
5159 0
11421 0
11423 0
4602 0
8304 0
5166 0
5167 0
5171 0
5175 0
10359 0
8313 0
11438 0
7168 0
5179 0
8317 0
8318 0
5183 0
11443 0
11444 0
11445 0
11448 0
5190 0
8323 0
11981 0
8324 0
11453 0
8325 0
9824 0
5195 0
11458 0
11459 0
8327 0
11463 0
5497 0
8332 0
8333 0
5203 0
8336 0
5207 0
11473 0
11475 0
5215 0
11478 0
8345 0
8346 0
5967 0
8349 0
11915 0
5224 0
11487 0
8356 0
4993 0
8796 0
9838 0
11356 0
5230 0
11499 0
5231 0
12016 0
8367 0
5236 0
5739 0
5237 0
2006 0
11509 0
11512 0
5244 0
8377 0
10488 0
8382 0
5816 0
9845 0
6209 0
4363 0
5258 0
8489 0
11534 0
12192 0
5263 0
5264 0
12210 0
11541 0
5932 0
8400 0
11544 0
11545 0
5271 0
8404 0
11547 0
5969 0
5276 0
12257 0
11415 0
8410 0
8411 0
5282 0
5284 0
5285 0
8413 0
11559 0
11381 0
5289 0
11565 0
8423 0
5292 0
6351 0
2068 0
5294 0
8427 0
5300 0
11578 0
11579 0
5304 0
11581 0
9859 0
5308 0
8811 0
11844 0
5312 0
8444 0
11589 0
6283 0
8452 0
5321 0
5322 0
8456 0
2100 0
5325 0
2102 0
10385 0
6350 0
5335 0
11607 0
6402 0
5338 0
10889 0
8469 0
6423 0
6428 0
8474 0
8475 0
8476 0
4469 0
5800 0
5351 0
6385 0
8484 0
7986 0
8490 0
10894 0
11632 0
2138 0
8494 0
9925 0
5362 0
5363 0
8496 0
6965 0
6749 0
11639 0
7364 0
11642 0
7785 0
11643 0
11644 0
11645 0
8507 0
10158 0
10681 0
7277 0
6675 0
11656 0
10898 0
8516 0
9347 0
5384 0
8524 0
5387 0
5389 0
8529 0
5392 0
5501 0
4389 0
11676 0
11677 0
6453 0
8540 0
5401 0
9891 0
8542 0
11683 0
12553 0
7752 0
8551 0
8555 0
6757 0
11692 0
5417 0
8558 0
11698 0
6936 0
11700 0
5423 0
8564 0
12369 0
5426 0
7798 0
2212 0
11709 0
8571 0
11447 0
8572 0
5432 0
5433 0
5434 0
11715 0
11716 0
5437 0
10472 0
11976 0
8585 0
7106 0
11726 0
8591 0
8592 0
11727 0
8594 0
6473 0
5454 0
12265 0
11741 0
5463 0
5464 0
11749 0
7809 0
11750 0
8581 0
8615 0
6239 0
11756 0
11757 0
2262 0
5476 0
11760 0
8619 0
11334 0
8624 0
5480 0
5483 0
1463 0
11770 0
8626 0
5486 0
5196 0
10917 0
2291 0
8636 0
11783 0
11786 0
11787 0
7460 0
5498 0
11791 0
5500 0
7485 0
4658 0
11797 0
8649 0
9271 0
11798 0
11799 0
8654 0
8658 0
11804 0
2319 0
8663 0
11810 0
7318 0
11812 0
8667 0
5518 0
8669 0
10420 0
5520 0
11640 0
8176 0
12170 0
7668 0
11827 0
10926 0
7772 0
5724 0
5026 0
8680 0
2344 0
11836 0
6259 0
8690 0
11840 0
5534 0
5540 0
5041 0
5542 0
8697 0
8698 0
8703 0
5548 0
5553 0
11858 0
5560 0
11864 0
7934 0
8341 0
11871 0
11872 0
5570 0
11876 0
12060 0
11879 0
5578 0
8733 0
5581 0
10935 0
5585 0
5588 0
8741 0
11890 0
8744 0
11892 0
5595 0
11894 0
8748 0
8664 0
5598 0
8752 0
5707 0
11903 0
8754 0
11906 0
11909 0
11912 0
8765 0
5987 0
5612 0
11967 0
8771 0
5615 0
8774 0
6795 0
8776 0
6276 0
11925 0
5625 0
5626 0
11932 0
5714 0
7050 0
11936 0
5240 0
5182 0
5635 0
5636 0
11942 0
8797 0
5641 0
5642 0
8799 0
8355 0
7333 0
7555 0
5654 0
8439 0
11958 0
8826 0
8827 0
11966 0
8828 0
11969 0
8539 0
11973 0
5670 0
8838 0
5672 0
5089 0
5674 0
11495 0
11977 0
6398 0
5678 0
5680 0
8362 0
4685 0
11986 0
2489 0
5689 0
11994 0
10720 0
5622 0
10494 0
2346 0
11996 0
8695 0
5694 0
11999 0
10954 0
5711 0
5712 0
12010 0
8874 0
5715 0
5718 0
8882 0
8837 0
8884 0
8890 0
12020 0
10054 0
8868 0
12023 0
5730 0
12029 0
8897 0
8900 0
5736 0
5737 0
12036 0
12037 0
5740 0
5741 0
12043 0
5744 0
8905 0
4903 0
8912 0
12536 0
5752 0
8915 0
7018 0
6362 0
5757 0
4694 0
8923 0
8927 0
8929 0
8931 0
5762 0
12065 0
5765 0
8933 0
8934 0
5767 0
5770 0
12070 0
9951 0
12074 0
4691 0
9952 0
12078 0
12079 0
8948 0
8949 0
8950 0
8951 0
5777 0
11516 0
12087 0
5784 0
12090 0
6809 0
7351 0
8961 0
12097 0
8966 0
5796 0
12101 0
6820 0
8970 0
10973 0
12105 0
8974 0
5801 0
5802 0
6026 0
9374 0
9377 0
5809 0
8990 0
12419 0
8998 0
8999 0
9001 0
9488 0
5824 0
9005 0
5826 0
5829 0
5833 0
9017 0
12135 0
9019 0
9022 0
12140 0
9586 0
7046 0
2660 0
4191 0
5855 0
5858 0
12153 0
5859 0
8455 0
12155 0
5861 0
12156 0
5864 0
5865 0
9035 0
10682 0
5870 0
12167 0
12168 0
5875 0
5876 0
12171 0
9049 0
9050 0
9054 0
9056 0
5888 0
12175 0
9057 0
12176 0
5895 0
4237 0
12177 0
6045 0
4283 0
12182 0
6837 0
9069 0
12188 0
12062 0
12194 0
5910 0
12196 0
9079 0
12198 0
9986 0
9089 0
12563 0
12211 0
5929 0
8398 0
9098 0
5862 0
12226 0
5940 0
12227 0
5942 0
12229 0
9107 0
9109 0
9110 0
10487 0
5956 0
9113 0
5957 0
9115 0
5961 0
9983 0
9123 0
8405 0
12241 0
9125 0
10193 0
6324 0
5974 0
11058 0
5979 0
12246 0
12247 0
9134 0
5982 0
5983 0
5984 0
9135 0
4215 0
11877 0
9138 0
5989 0
12254 0
10279 0
12256 0
7535 0
5994 0
5995 0
12262 0
9156 0
11851 0
6005 0
9157 0
9159 0
6011 0
10999 0
6014 0
6015 0
6016 0
9164 0
8303 0
6023 0
12279 0
9169 0
8937 0
6030 0
11532 0
9172 0
4185 0
9175 0
6034 0
5021 0
9179 0
9180 0
6040 0
12290 0
9182 0
5771 0
8757 0
12296 0
10543 0
12299 0
4293 0
6057 0
9191 0
6059 0
6337 0
6062 0
6065 0
9194 0
6067 0
10124 0
12314 0
6070 0
9202 0
11648 0
9205 0
9206 0
9208 0
4228 0
2853 0
8446 0
11562 0
10758 0
12330 0
8861 0
12336 0
11563 0
434 0
12340 0
12341 0
12342 0
6092 0
12344 0
6097 0
4573 0
9230 0
12348 0
12350 0
5780 0
6101 0
10877 0
6106 0
10896 0
9238 0
9239 0
10919 0
10004 0
9943 0
12370 0
12372 0
12373 0
7392 0
6121 0
12378 0
12379 0
12380 0
12381 0
8958 0
9252 0
5293 0
6134 0
6871 0
11072 0
10180 0
6138 0
8138 0
4740 0
6148 0
8156 0
4376 0
6759 0
5279 0
6157 0
9279 0
9281 0
6165 0
6166 0
9285 0
8659 0
10013 0
9567 0
6474 0
11409 0
12421 0
9298 0
6177 0
5067 0
5076 0
6182 0
6183 0
7932 0
12434 0
6189 0
12441 0
5155 0
11417 0
6191 0
9314 0
7502 0
9316 0
6195 0
12445 0
12449 0
12451 0
12452 0
5241 0
6210 0
6212 0
9328 0
9330 0
4252 0
12462 0
9333 0
1006 0
10017 0
9343 0
9344 0
12471 0
12473 0
12474 0
8440 0
9348 0
12475 0
11673 0
12478 0
9353 0
6231 0
4170 0
3039 0
12485 0
9356 0
9358 0
8515 0
9363 0
12491 0
6243 0
11138 0
10536 0
6248 0
12494 0
6252 0
9370 0
12501 0
11841 0
12505 0
12508 0
5558 0
5591 0
10025 0
11900 0
4908 0
5604 0
12514 0
9391 0
6277 0
12521 0
9394 0
8448 0
3092 0
9401 0
9403 0
11993 0
9406 0
4987 0
5723 0
6381 0
12532 0
12053 0
9418 0
6300 0
12541 0
7952 0
6302 0
12643 0
9494 0
9424 0
6307 0
6308 0
7478 0
6907 0
9428 0
11035 0
12560 0
6314 0
6315 0
7733 0
12567 0
12569 0
12571 0
12573 0
6325 0
12578 0
6328 0
9443 0
6334 0
9445 0
9446 0
6038 0
5592 0
9449 0
9450 0
9452 0
6338 0
9455 0
4603 0
12349 0
6110 0
9462 0
12599 0
9470 0
6366 0
12617 0
9492 0
6376 0
12623 0
6380 0
5813 0
6384 0
12627 0
6387 0
10034 0
12636 0
6391 0
12639 0
12600 0
6396 0
6397 0
12644 0
6400 0
6401 0
9511 0
5044 0
7983 0
6512 0
9077 0
4938 0
6232 0
3050 0
9090 0
4172 0
9143 0
9719 0
4180 0
4183 0
4184 0
4188 0
4190 0
4194 0
6240 0
4195 0
9422 0
4198 0
4200 0
4203 0
4205 0
4208 0
4519 0
9554 0
4222 0
4223 0
4230 0
4232 0
4233 0
4234 0
4236 0
4239 0
8500 0
5821 0
4255 0
4256 0
459 0
4260 0
4266 0
4267 0
6554 0
4269 0
4273 0
978 0
4282 0
4285 0
4286 0
6454 0
4289 0
4296 0
5054 0
10178 0
4303 0
10838 0
4308 0
11089 0
5214 0
7498 0
4315 0
4316 0
4321 0
4323 0
4324 0
4325 0
4328 0
12437 0
8116 0
8810 0
9929 0
4332 0
4333 0
4334 0
7456 0
9960 0
11931 0
7175 0
8406 0
7081 0
10055 0
4337 0
9971 0
6370 0
4349 0
4350 0
4352 0
4353 0
4354 0
4356 0
4359 0
10828 0
10618 0
11528 0
4367 0
12042 0
9342 0
4382 0
10401 0
4851 0
10906 0
12325 0
11394 0
7125 0
6431 0
6542 0
5104 0
5763 0
4390 0
4394 0
4399 0
7224 0
4413 0
4414 0
12061 0
4417 0
6863 0
4420 0
9121 0
7328 0
11846 0
7371 0
10599 0
8025 0
11491 0
4438 0
4440 0
4445 0
4779 0
7159 0
10391 0
4452 0
7163 0
5867 0
4456 0
4457 0
4459 0
4678 0
4466 0
4472 0
4479 0
7237 0
4481 0
4485 0
4486 0
11119 0
5399 0
2664 0
11115 0
2044 0
4494 0
4500 0
4502 0
4505 0
4511 0
58 0
4512 0
7805 0
4514 0
4516 0
4518 0
4520 0
7975 0
6410 0
4794 0
8739 0
9648 0
7996 0
8962 0
6434 0
8385 0
6829 0
9188 0
8584 0
8011 0
8197 0
10513 0
10386 0
9568 0
5458 0
6848 0
11816 0
11549 0
9382 0
6271 0
5823 0
6480 0
10569 0
7611 0
6676 0
7419 0
9589 0
5290 0
11762 0
10388 0
8243 0
4650 0
12148 0
11510 0
6230 0
11161 0
10053 0
12550 0
4695 0
8655 0
4712 0
5506 0
5908 0
6424 0
5922 0
8422 0
10648 0
9576 0
6353 0
9987 0
7346 0
6359 0
5367 0
5055 0
9771 0
6596 0
10215 0
12632 0
10486 0
10091 0
5566 0
5766 0
10338 0
10878 0
4006 0
12159 0
11968 0
9761 0
125 0
4530 0
4534 0
4541 0
4542 0
4543 0
4544 0
4549 0
5815 0
4557 0
4558 0
7056 0
4563 0
4570 0
7861 0
4710 0
4572 0
4574 0
4583 0
4584 0
10781 0
7307 0
7455 0
4585 0
4587 0
11274 0
10557 0
4600 0
4604 0
8002 0
4606 0
4607 0
10001 0
4612 0
5608 0
12493 0
4657 0
7510 0
5080 0
6098 0
9419 0
12113 0
8077 0
300 0
12497 0
2718 0
1328 0
4158 0
8891 0
9474 0
6602 0
10036 0
12358 0
10610 0
8330 0
7709 0
9650 0
8293 0
4626 0
5905 0
4627 0
7987 0
10399 0
10829 0
4635 0
4636 0
12121 0
4637 0
4639 0
6181 0
4646 0
4651 0
7446 0
4656 0
8986 0
8735 0
7156 0
6469 0
6929 0
6069 0
4662 0
4663 0
4671 0
4675 0
4676 0
4682 0
2769 0
4683 0
4686 0
4693 0
4696 0
11675 0
4698 0
4699 0
10302 0
4708 0
4714 0
9547 0
10021 0
4725 0
11926 0
6382 0
9308 0
4733 0
4735 0
4864 0
4739 0
4741 0
4744 0
4747 0
11466 0
4187 0
12048 0
1235 0
5773 0
11344 0
10249 0
4749 0
4754 0
12432 0
4756 0
4760 0
10625 0
4385 0
4763 0
6705 0
4499 0
4774 0
4776 0
4778 0
4780 0
9243 0
3926 0
5280 0
11659 0
3180 0
10437 0
10123 0
5703 0
9223 0
12277 0
8872 0
4790 0
12307 0
4799 0
8825 0
4807 0
6411 0
21 0
9525 0
3219 0
11916 0
8823 0
3286 0
2488 0
12154 0
2520 0
11223 0
12051 0
7366 0
7551 0
6620 0
7381 0
5776 0
1799 0
8954 0
5052 0
1042 0
12136 0
10612 0
8274 0
11440 0
9075 0
386 0
7505 0
9864 0
11424 0
8310 0
5174 0
5200 0
5990 0
2500 0
2003 0
10727 0
3677 0
12310 0
11561 0
2059 0
3711 0
6883 0
1283 0
8447 0
4875 0
1312 0
2874 0
7701 0
12426 0
6190 0
5404 0
5408 0
6217 0
11691 0
2200 0
10888 0
3017 0
9225 0
11704 0
3033 0
7796 0
7034 0
10145 0
7048 0
645 0
5478 0
10839 0
9417 0
11780 0
3924 0
5502 0
10213 0
10237 0
3347 0
5541 0
7173 0
5547 0
756 0
8723 0
4830 0
4832 0
4833 0
4835 0
4842 0
4843 0
4844 0
4845 0
5141 0
4847 0
4854 0
4855 0
4861 0
8742 0
4862 0
11432 0
9540 0
9850 0
4867 0
4868 0
4869 0
4871 0
4873 0
5355 0
4878 0
4880 0
5647 0
4882 0
4884 0
4890 0
4891 0
4900 0
4901 0
4911 0
7462 0
4916 0
4917 0
4919 0
4920 0
4922 0
8428 0
4928 0
4929 0
4932 0
4935 0
4937 0
6729 0
7130 0
4954 0
6156 0
5112 0
4965 0
5662 0
4968 0
4969 0
4972 0
4974 0
4975 0
4976 0
4977 0
4979 0
5717 0
4982 0
11633 0
4983 0
12469 0
4984 0
11413 0
11945 0
4989 0
6510 0
10043 0
3844 0
7933 0
3735 0
4994 0
3122 0
6116 0
5007 0
5008 0
5009 0
8012 0
10103 0
9865 0
9335 0
7148 0
5016 0
5017 0
3646 0
12527 0
5022 0
5024 0
5027 0
5030 0
5032 0
5563 0
7493 0
5042 0
8862 0
8706 0
5050 0
11108 0
5060 0
5061 0
6099 0
12544 0
7770 0
10561 0
5839 0
1106 0
1568 0
4373 0
10235 0
6547 0
6551 0
910 0
1846 0
4257 0
10287 0
11933 0
9196 0
5083 0
5973 0
5098 0
5099 0
5100 0
5103 0
5105 0
5107 0
5110 0
11383 0
5114 0
5116 0
5117 0
11362 0
4508 0
11893 0
8084 0
9898 0
8337 0
5126 0
5133 0
5136 0
5138 0
5139 0
5140 0
9713 0
11436 0
2820 0
8964 0
6033 0
7228 0
8272 0
11506 0
8802 0
9420 0
7830 0
12275 0
11329 0
8888 0
10956 0
5562 0
10067 0
12258 0
7788 0
12438 0
5976 0
5206 0
11660 0
5160 0
5161 0
5165 0
5169 0
5181 0
5191 0
5192 0
2682 0
2829 0
6785 0
5194 0
5199 0
5205 0
5208 0
5209 0
5211 0
5216 0
5220 0
5222 0
5223 0
5225 0
11490 0
9063 0
5227 0
5228 0
2458 0
5440 0
11718 0
5235 0
5238 0
8307 0
5966 0
11564 0
5243 0
5248 0
5250 0
5253 0
5395 0
5255 0
12267 0
5259 0
5270 0
5278 0
11729 0
828 0
10380 0
5295 0
5296 0
5298 0
5305 0
5313 0
6221 0
5315 0
5318 0
5324 0
5326 0
5328 0
5330 0
5332 0
5333 0
5334 0
5336 0
11550 0
6329 0
5344 0
11667 0
5346 0
5350 0
10970 0
7525 0
10551 0
6844 0
8907 0
6295 0
5370 0
5372 0
9863 0
5386 0
5400 0
10352 0
5407 0
11226 0
5412 0
10121 0
5420 0
5421 0
7851 0
2040 0
9034 0
5427 0
5429 0
5430 0
5431 0
6891 0
5671 0
5438 0
5444 0
2214 0
11817 0
6613 0
7516 0
5447 0
5448 0
7912 0
3416 0
5716 0
4248 0
2821 0
1741 0
6234 0
9177 0
1421 0
5551 0
6103 0
7305 0
6847 0
9798 0
5460 0
5470 0
5473 0
5474 0
5479 0
9996 0
5481 0
8583 0
10897 0
10916 0
9762 0
7823 0
11542 0
11736 0
10165 0
1623 0
8261 0
10393 0
12542 0
5901 0
11611 0
12215 0
11635 0
12027 0
6316 0
5185 0
9318 0
5488 0
5489 0
5490 0
11003 0
5492 0
5496 0
10663 0
5499 0
5504 0
11612 0
5510 0
5513 0
12076 0
5189 0
5516 0
5523 0
5525 0
5526 0
11000 0
8629 0
5528 0
5529 0
9866 0
5532 0
5533 0
5536 0
5538 0
5545 0
5546 0
966 0
9785 0
5683 0
8784 0
6345 0
12597 0
8508 0
6198 0
5567 0
5572 0
5574 0
5575 0
5580 0
5582 0
5587 0
5590 0
5593 0
5597 0
11062 0
9815 0
5599 0
6306 0
5605 0
5607 0
5617 0
5619 0
5621 0
11594 0
5627 0
11234 0
4361 0
5634 0
8417 0
5639 0
5648 0
5650 0
8599 0
10652 0
5655 0
5656 0
9323 0
782 0
12343 0
1426 0
1210 0
11724 0
5451 0
4292 0
5466 0
2861 0
10785 0
4319 0
9045 0
5494 0
10992 0
12002 0
292 0
10817 0
7327 0
11959 0
4960 0
11428 0
8284 0
5661 0
12160 0
5676 0
5677 0
6129 0
6993 0
5685 0
5687 0
5688 0
5691 0
5693 0
5697 0
7365 0
8679 0
7574 0
4904 0
11279 0
5713 0
5719 0
5720 0
5725 0
6008 0
6393 0
7459 0
10423 0
1516 0
7565 0
5731 0
6371 0
5734 0
5738 0
5742 0
5743 0
5745 0
7144 0
8780 0
5750 0
5755 0
5756 0
9472 0
5764 0
5768 0
6763 0
5775 0
9805 0
346 0
10051 0
11963 0
9154 0
5786 0
7337 0
5787 0
5788 0
5793 0
10303 0
5797 0
5817 0
5827 0
379 0
5830 0
5832 0
5835 0
5837 0
5841 0
11587 0
8399 0
8871 0
11131 0
5845 0
5848 0
5852 0
5856 0
5860 0
5871 0
5874 0
5877 0
10907 0
5879 0
5880 0
5881 0
5803 0
5883 0
5887 0
8178 0
10167 0
6768 0
10446 0
12535 0
5891 0
11782 0
6476 0
5903 0
5904 0
4181 0
5907 0
5912 0
5913 0
5915 0
5917 0
5920 0
5921 0
5924 0
5927 0
5928 0
5930 0
5937 0
10171 0
6812 0
8257 0
6422 0
6220 0
5939 0
5941 0
5943 0
5945 0
5949 0
5950 0
5953 0
5954 0
5955 0
5959 0
9073 0
5977 0
8253 0
147 0
2557 0
10435 0
5980 0
5991 0
12440 0
8505 0
5993 0
5998 0
7803 0
6009 0
8586 0
6012 0
6018 0
11472 0
6025 0
868 0
1305 0
9097 0
9234 0
7978 0
11451 0
7878 0
12233 0
11553 0
10795 0
1848 0
3183 0
1816 0
6494 0
11406 0
3373 0
9083 0
956 0
9364 0
6029 0
6032 0
6036 0
8761 0
8412 0
6962 0
9396 0
6050 0
6054 0
6228 0
6058 0
7006 0
9240 0
4490 0
11502 0
6696 0
965 0
11795 0
6914 0
214 0
6831 0
6061 0
6066 0
6068 0
4157 0
8647 0
10657 0
2544 0
6075 0
6905 0
9259 0
4111 0
12588 0
10743 0
5524 0
8953 0
6079 0
11166 0
6080 0
6089 0
8908 0
7014 0
6090 0
12323 0
9816 0
8989 0
6895 0
6095 0
6102 0
6107 0
6114 0
6119 0
6125 0
3249 0
101 0
9636 0
10327 0
9550 0
6468 0
7321 0
2501 0
11186 0
12019 0
990 0
8183 0
5568 0
3548 0
5307 0
1124 0
11429 0
10639 0
338 0
9900 0
10314 0
6814 0
8374 0
2827 0
10753 0
5306 0
2866 0
6897 0
2097 0
6941 0
9280 0
7726 0
6192 0
11054 0
7928 0
11689 0
604 0
5425 0
8848 0
10491 0
6390 0
3155 0
6360 0
9490 0
2801 0
6146 0
6262 0
6153 0
7586 0
6158 0
6160 0
6161 0
6164 0
6168 0
9341 0
12453 0
2263 0
1860 0
6176 0
12396 0
6179 0
7472 0
12586 0
11163 0
6194 0
7834 0
7988 0
6196 0
6199 0
8720 0
6200 0
11624 0
6201 0
6205 0
6213 0
6216 0
6218 0
10114 0
6224 0
11135 0
6226 0
8590 0
6227 0
6650 0
1466 0
8063 0
1687 0
6523 0
6237 0
6238 0
5963 0
2494 0
6591 0
6241 0
6242 0
6249 0
6255 0
6263 0
10937 0
6264 0
6267 0
6272 0
6273 0
6274 0
6275 0
1774 0
5769 0
9349 0
6279 0
2545 0
6916 0
10343 0
6282 0
6288 0
6289 0
6292 0
6298 0
7876 0
9724 0
8387 0
11641 0
6311 0
12260 0
10715 0
4818 0
9214 0
12269 0
1603 0
11560 0
7259 0
12515 0
11530 0
6445 0
10027 0
7854 0
2895 0
7858 0
8248 0
12359 0
9332 0
1882 0
283 0
12384 0
12392 0
8022 0
8094 0
5543 0
5749 0
11668 0
6386 0
6320 0
6322 0
6323 0
6332 0
2919 0
12642 0
3829 0
4667 0
6336 0
6339 0
10840 0
6343 0
6348 0
9883 0
6352 0
6354 0
6356 0
7362 0
6357 0
6358 0
6361 0
11302 0
6363 0
6369 0
5299 0
6379 0
6533 0
6392 0
6399 0
6408 0
6421 0
6425 0
6427 0
6429 0
7771 0
6301 0
9972 0
5515 0
6436 0
8425 0
12391 0
6451 0
6455 0
6457 0
6458 0
6459 0
7102 0
6462 0
9385 0
6464 0
6467 0
6470 0
11889 0
6483 0
9434 0
6487 0
6488 0
6489 0
10748 0
9508 0
8312 0
6493 0
6497 0
6501 0
6502 0
12418 0
11591 0
6910 0
9015 0
8921 0
12245 0
6516 0
6521 0
4504 0
6528 0
6534 0
12221 0
7295 0
6546 0
9091 0
8185 0
5323 0
6559 0
6561 0
6563 0
6565 0
6567 0
6568 0
12548 0
10927 0
9024 0
9813 0
8775 0
6698 0
6581 0
6584 0
6585 0
8930 0
6594 0
6598 0
10271 0
6601 0
6604 0
6615 0
6622 0
12466 0
6623 0
6626 0
6632 0
6633 0
6649 0
6652 0
7778 0
10100 0
6655 0
6663 0
9186 0
6664 0
8648 0
6666 0
1086 0
6667 0
10221 0
6674 0
6681 0
6266 0
10929 0
6981 0
6693 0
6694 0
6695 0
9620 0
6701 0
12572 0
10571 0
7001 0
7515 0
6716 0
6731 0
6735 0
6741 0
8984 0
8650 0
6834 0
3156 0
11201 0
3635 0
4914 0
8556 0
6988 0
4722 0
4038 0
3545 0
10184 0
10911 0
6761 0
8813 0
6774 0
6775 0
6776 0
6777 0
6778 0
6779 0
6780 0
6784 0
6787 0
9795 0
9002 0
4339 0
6807 0
6816 0
6817 0
12516 0
6825 0
6828 0
6835 0
7178 0
6841 0
7528 0
7445 0
7590 0
6846 0
6849 0
6851 0
6854 0
6858 0
6860 0
6861 0
6862 0
6867 0
6877 0
6878 0
10677 0
11991 0
9748 0
6900 0
6901 0
9922 0
6919 0
6922 0
6923 0
7141 0
6931 0
6934 0
2086 0
6950 0
6952 0
6956 0
6957 0
6964 0
6966 0
6973 0
9692 0
11789 0
6987 0
9886 0
6995 0
2812 0
7003 0
8004 0
11042 0
9104 0
7015 0
8843 0
7020 0
7021 0
5586 0
7031 0
7032 0
7033 0
7037 0
7047 0
4673 0
7758 0
7052 0
10751 0
7053 0
7062 0
10505 0
7066 0
7068 0
7070 0
7071 0
7076 0
7079 0
7080 0
7088 0
7090 0
7091 0
7094 0
7095 0
7099 0
7100 0
7104 0
11590 0
2936 0
1256 0
7108 0
7112 0
7117 0
7121 0
8073 0
7124 0
7128 0
7134 0
7136 0
9817 0
7137 0
7138 0
11835 0
4284 0
7379 0
10308 0
2656 0
7145 0
8877 0
11751 0
7157 0
7160 0
8792 0
2058 0
11699 0
5031 0
10444 0
9471 0
12235 0
10776 0
7185 0
4913 0
7174 0
8546 0
7186 0
7357 0
7187 0
7189 0
10706 0
7195 0
7197 0
7198 0
7205 0
3464 0
10887 0
8548 0
7220 0
7221 0
7223 0
8010 0
10427 0
7227 0
7229 0
7236 0
3530 0
7238 0
7251 0
3076 0
1984 0
12354 0
12382 0
9448 0
7258 0
7263 0
7270 0
7272 0
7275 0
10164 0
1997 0
3863 0
644 0
5268 0
3485 0
9217 0
4689 0
9870 0
7444 0
7893 0
11281 0
7298 0
7299 0
3434 0
1189 0
7304 0
7306 0
4235 0
9366 0
11948 0
7315 0
7316 0
7317 0
7323 0
11880 0
8973 0
9235 0
9092 0
9893 0
11794 0
7550 0
7966 0
12345 0
1972 0
7331 0
7336 0
7339 0
7341 0
7342 0
7343 0
1526 0
7345 0
7353 0
3057 0
10635 0
7372 0
8736 0
11519 0
1021 0
4463 0
8596 0
4473 0
11962 0
6509 0
10023 0
1697 0
9453 0
3152 0
10659 0
7377 0
7378 0
3393 0
7384 0
7387 0
7388 0
7390 0
7393 0
9392 0
11853 0
7397 0
12015 0
9007 0
10771 0
11240 0
7413 0
7416 0
11284 0
7428 0
1024 0
743 0
7436 0
7438 0
9215 0
6631 0
7450 0
10518 0
11070 0
12596 0
7457 0
7458 0
7463 0
7464 0
8831 0
10869 0
7466 0
1465 0
7480 0
7482 0
7483 0
7486 0
7490 0
7491 0
7503 0
4085 0
12026 0
10321 0
7517 0
7519 0
6772 0
7527 0
7529 0
7531 0
7532 0
7539 0
7546 0
7560 0
7564 0
7570 0
10378 0
12044 0
11172 0
579 0
7587 0
1233 0
11248 0
509 0
4921 0
7596 0
1550 0
12091 0
5790 0
9907 0
7605 0
7606 0
7609 0
7620 0
7628 0
7633 0
7634 0
7638 0
12601 0
7652 0
7654 0
7655 0
7664 0
7665 0
7666 0
7667 0
7669 0
7670 0
7677 0
7689 0
7695 0
12430 0
12232 0
3919 0
7698 0
7707 0
7722 0
7724 0
7844 0
7732 0
7734 0
7743 0
7744 0
7745 0
7756 0
7757 0
7763 0
7769 0
11714 0
12619 0
3814 0
8640 0
8459 0
7783 0
7784 0
7787 0
7790 0
7791 0
7792 0
11775 0
8980 0
8559 0
1307 0
7812 0
12017 0
7819 0
7820 0
7822 0
7824 0
7826 0
7828 0
7831 0
7836 0
7837 0
652 0
119 0
11878 0
7842 0
7846 0
7847 0
7853 0
8322 0
7860 0
3387 0
7866 0
7867 0
7869 0
7871 0
7992 0
11461 0
3999 0
12240 0
9313 0
1692 0
2814 0
7880 0
7885 0
11376 0
6715 0
2253 0
7900 0
7906 0
7907 0
11238 0
11270 0
7917 0
7918 0
7920 0
8225 0
11227 0
10408 0
12333 0
7935 0
7938 0
11575 0
7940 0
7949 0
7950 0
7951 0
7953 0
11242 0
7979 0
7985 0
7990 0
7995 0
8988 0
8024 0
9340 0
9051 0
11620 0
8028 0
8029 0
477 0
8035 0
8037 0
8040 0
12073 0
3000 0
5410 0
3432 0
1557 0
10129 0
4432 0
2598 0
12109 0
12108 0
2611 0
3872 0
421 0
8009 0
1209 0
8602 0
6764 0
12125 0
5073 0
12128 0
1362 0
12080 0
4859 0
12633 0
3084 0
1252 0
11952 0
6088 0
8816 0
10584 0
9799 0
11496 0
4464 0
7630 0
12540 0
6627 0
11776 0
6515 0
10207 0
4535 0
4120 0
7895 0
9940 0
907 0
6141 0
9289 0
4150 0
2525 0
8673 0
4244 0
9507 0
7755 0
11013 0
9475 0
9103 0
10065 0
546 0
1139 0
5457 0
9041 0
9792 0
10082 0
10280 0
11905 0
11465 0
12187 0
165 0
1840 0
9136 0
4597 0
4416 0
1164 0
8052 0
10740 0
8058 0
8061 0
8064 0
8066 0
11340 0
9694 0
8086 0
8573 0
5373 0
9608 0
11920 0
9320 0
8095 0
8097 0
11971 0
8944 0
682 0
4848 0
8125 0
8126 0
8128 0
10699 0
11224 0
10875 0
11505 0
10531 0
12626 0
11954 0
8729 0
8519 0
8142 0
8144 0
8146 0
8149 0
10744 0
8152 0
8159 0
3024 0
8164 0
6799 0
9783 0
8174 0
9656 0
8182 0
8187 0
9438 0
9099 0
9706 0
8198 0
8200 0
8415 0
10381 0
11601 0
8207 0
10769 0
11670 0
10627 0
8217 0
8218 0
2528 0
8220 0
8231 0
8233 0
8234 0
8235 0
8236 0
8244 0
8250 0
10983 0
8273 0
8280 0
8281 0
8282 0
4146 0
4264 0
6305 0
3320 0
6890 0
4277 0
9233 0
1970 0
85 0
4395 0
4595 0
8311 0
9352 0
8328 0
8331 0
8338 0
8340 0
8347 0
8352 0
8360 0
8379 0
9856 0
9114 0
9510 0
8363 0
8376 0
12163 0
4941 0
699 0
8689 0
7111 0
12217 0
5151 0
8386 0
8391 0
9582 0
11599 0
8396 0
11678 0
8402 0
8403 0
8408 0
2054 0
8409 0
8418 0
8419 0
8424 0
12118 0
8429 0
8431 0
8434 0
8437 0
8442 0
10749 0
8449 0
11934 0
8453 0
8454 0
10872 0
8457 0
8541 0
8458 0
8465 0
8467 0
8470 0
8471 0
8641 0
8477 0
11943 0
9127 0
9978 0
9561 0
12460 0
8486 0
8488 0
8493 0
8497 0
8791 0
9571 0
8898 0
4216 0
6000 0
10307 0
9918 0
7325 0
3515 0
8006 0
4826 0
5188 0
4064 0
10620 0
10575 0
6703 0
10969 0
2909 0
12181 0
11766 0
4755 0
2953 0
6174 0
7167 0
152 0
6374 0
5142 0
12033 0
8820 0
2794 0
10365 0
7681 0
10144 0
1645 0
6818 0
1651 0
8150 0
7461 0
8530 0
12554 0
8538 0
8547 0
9407 0
8560 0
8567 0
950 0
11598 0
5229 0
9309 0
9668 0
2636 0
8578 0
8579 0
10489 0
8580 0
5918 0
6251 0
8595 0
8597 0
12242 0
8604 0
8607 0
12598 0
12145 0
9442 0
426 0
11285 0
11744 0
5760 0
8614 0
8631 0
8639 0
8642 0
8644 0
10550 0
2957 0
8651 0
8657 0
6096 0
8674 0
8675 0
8685 0
8691 0
8699 0
8701 0
8702 0
8705 0
4645 0
8707 0
8708 0
8710 0
8717 0
4437 0
8727 0
8730 0
9747 0
11681 0
8753 0
8756 0
7101 0
8759 0
8760 0
8763 0
8770 0
8773 0
8777 0
8778 0
8785 0
8786 0
12282 0
11918 0
9725 0
8794 0
8806 0
8809 0
8812 0
8818 0
8821 0
8835 0
8836 0
8839 0
8841 0
8850 0
8851 0
11085 0
8860 0
8863 0
8864 0
8870 0
4753 0
9873 0
406 0
1668 0
9541 0
412 0
1156 0
8878 0
8883 0
8889 0
8892 0
8909 0
10800 0
5388 0
11358 0
8932 0
8940 0
9258 0
10329 0
11403 0
9767 0
8945 0
8946 0
3465 0
8959 0
8965 0
8968 0
8971 0
4692 0
11312 0
8985 0
10823 0
8991 0
8995 0
9000 0
9012 0
9013 0
10188 0
571 0
12082 0
7322 0
10815 0
9028 0
10647 0
9042 0
9044 0
9048 0
9053 0
9058 0
12524 0
9062 0
9066 0
12278 0
11052 0
10439 0
9076 0
9080 0
9086 0
9517 0
9577 0
11074 0
11059 0
11904 0
4068 0
11946 0
2654 0
11957 0
10406 0
4114 0
11174 0
11178 0
10278 0
11026 0
7215 0
10438 0
9663 0
10325 0
12028 0
10276 0
12133 0
10714 0
9413 0
11908 0
10093 0
9712 0
11801 0
11093 0
11292 0
11523 0
10555 0
10205 0
10574 0
258 0
9797 0
11657 0
9806 0
7612 0
12236 0
11396 0
12189 0
7061 0
12193 0
4279 0
11435 0
10676 0
9533 0
12390 0
9162 0
12293 0
10330 0
9209 0
9213 0
10766 0
10003 0
11568 0
12006 0
10018 0
9603 0
9296 0
10858 0
9803 0
11149 0
9881 0
11669 0
10873 0
7002 0
10112 0
10115 0
9730 0
12470 0
3856 0
11156 0
10143 0
10155 0
11738 0
12363 0
9400 0
12530 0
12035 0
11696 0
9458 0
9532 0
9473 0
11839 0
12152 0
9132 0
11427 0
199 0
1153 0
9093 0
863 0
9102 0
8501 0
9111 0
9120 0
12320 0
9137 0
2841 0
9146 0
7350 0
9160 0
9161 0
12309 0
10452 0
10988 0
9181 0
11703 0
9187 0
9606 0
9192 0
9197 0
9200 0
10481 0
9212 0
9218 0
9479 0
11507 0
9224 0
9226 0
9879 0
9231 0
9246 0
10841 0
11419 0
9249 0
8141 0
11623 0
9297 0
9261 0
9263 0
9270 0
11818 0
10672 0
9277 0
9736 0
10259 0
11796 0
11446 0
9294 0
9302 0
9310 0
9334 0
5573 0
11236 0
3269 0
2868 0
1699 0
9345 0
7391 0
9368 0
9383 0
11009 0
9915 0
11823 0
10936 0
11939 0
11253 0
10024 0
9393 0
9395 0
9404 0
10912 0
9411 0
9414 0
9844 0
9421 0
1050 0
9429 0
9437 0
9440 0
9444 0
9456 0
9461 0
6945 0
588 0
10796 0
11661 0
3965 0
2045 0
9728 0
2539 0
12143 0
11388 0
3402 0
2231 0
9469 0
9542 0
9476 0
9477 0
12397 0
9481 0
9482 0
9487 0
11330 0
10692 0
9497 0
9506 0
9509 0
9512 0
9514 0
9516 0
9519 0
9524 0
12077 0
10890 0
10895 0
12283 0
10902 0
12103 0
12120 0
10644 0
12180 0
12582 0
11355 0
9794 0
4590 0
9811 0
2035 0
9818 0
12249 0
12004 0
10643 0
10837 0
12605 0
11646 0
10696 0
11033 0
9695 0
1077 0
8895 0
10076 0
11717 0
6420 0
9874 0
2687 0
9655 0
9579 0
9583 0
7919 0
923 0
9431 0
7622 0
8166 0
8359 0
8266 0
7060 0
8269 0
12304 0
1671 0
8147 0
9319 0
1220 0
6052 0
6868 0
3074 0
10148 0
1629 0
6856 0
6499 0
1876 0
11380 0
1558 0
132 0
3981 0
4777 0
4011 0
9612 0
11179 0
9626 0
9629 0
482 0
10502 0
9635 0
9641 0
9642 0
9646 0
9652 0
9657 0
9662 0
9670 0
12562 0
9675 0
11567 0
11830 0
12008 0
10044 0
9649 0
3468 0
5281 0
185 0
9707 0
9714 0
10425 0
11218 0
12206 0
9268 0
10342 0
2452 0
5666 0
11219 0
146 0
10844 0
8904 0
12046 0
960 0
2252 0
7399 0
2012 0
5062 0
1045 0
10576 0
6686 0
9966 0
4309 0
3520 0
7477 0
1085 0
5624 0
12191 0
1988 0
8800 0
6223 0
1251 0
472 0
5791 0
5358 0
6977 0
5390 0
12464 0
10135 0
10181 0
10928 0
5477 0
7109 0
7135 0
10233 0
7924 0
10248 0
8683 0
5985 0
1451 0
11304 0
9731 0
9734 0
9742 0
9752 0
10981 0
11283 0
9755 0
9756 0
9759 0
9763 0
9765 0
9774 0
10649 0
12069 0
10457 0
9787 0
9788 0
9789 0
9804 0
12322 0
6725 0
12618 0
9829 0
9834 0
9836 0
9847 0
8107 0
10356 0
9857 0
5509 0
9867 0
9887 0
9892 0
11674 0
9901 0
9902 0
10270 0
9906 0
9910 0
1184 0
9927 0
8957 0
9933 0
9934 0
9667 0
9957 0
9965 0
9968 0
9970 0
7523 0
9973 0
5571 0
14 0
3210 0
11888 0
10998 0
4815 0
9546 0
4828 0
8016 0
5469 0
5158 0
1597 0
2450 0
9584 0
11960 0
11144 0
6524 0
9998 0
4930 0
11857 0
1714 0
11190 0
913 0
916 0
1732 0
10186 0
2638 0
9669 0
9683 0
9685 0
11828 0
12055 0
9036 0
8364 0
5759 0
11249 0
8155 0
1784 0
3412 0
790 0
201 0
8967 0
11299 0
12106 0
5049 0
8981 0
807 0
5616 0
8223 0
3489 0
12144 0
5853 0
4305 0
8247 0
8914 0
1074 0
8256 0
1369 0
9064 0
2706 0
9835 0
9074 0
8308 0
5947 0
5965 0
5201 0
10687 0
11476 0
9750 0
8276 0
384 0
12270 0
9941 0
586 0
5247 0
5708 0
6485 0
2838 0
5935 0
1243 0
2057 0
2459 0
6091 0
1261 0
11573 0
6880 0
6109 0
4538 0
1304 0
10805 0
7693 0
10810 0
6925 0
11055 0
10040 0
7710 0
2127 0
10048 0
4560 0
5354 0
3763 0
2942 0
3767 0
11631 0
10062 0
1354 0
6175 0
6702 0
9306 0
4598 0
3820 0
10057 0
11721 0
10922 0
2092 0
6117 0
6286 0
9409 0
7086 0
4169 0
10961 0
9415 0
5493 0
12558 0
10987 0
8660 0
11004 0
3974 0
4540 0
1543 0
4745 0
6355 0
6603 0
3989 0
11010 0
11047 0
10288 0
2163 0
11053 0
9982 0
11982 0
9994 0
9995 0
11064 0
6342 0
10011 0
10014 0
10022 0
10031 0
11 0
3216 0
27 0
29 0
6430 0
9551 0
6450 0
9563 0
68 0
6478 0
9581 0
3277 0
73 0
3295 0
100 0
3310 0
9617 0
681 0
7142 0
7244 0
835 0
130 0
10586 0
6575 0
3371 0
6580 0
9684 0
1149 0
6629 0
9729 0
9737 0
6640 0
6647 0
216 0
232 0
248 0
6688 0
3498 0
6690 0
6691 0
3509 0
9808 0
280 0
3525 0
6713 0
7488 0
6723 0
9869 0
9871 0
8557 0
3593 0
9888 0
3595 0
9894 0
3598 0
3614 0
2368 0
10629 0
11118 0
382 0
6798 0
10537 0
402 0
9942 0
9945 0
6821 0
6824 0
9963 0
419 0
3673 0
3683 0
475 0
483 0
496 0
3740 0
3743 0
10038 0
3753 0
531 0
6959 0
10072 0
3794 0
559 0
6975 0
567 0
575 0
596 0
3853 0
7024 0
618 0
623 0
10218 0
4008 0
7059 0
10172 0
7093 0
665 0
3927 0
10212 0
4381 0
700 0
7146 0
726 0
10274 0
7180 0
7181 0
10283 0
7559 0
10319 0
11171 0
5033 0
813 0
10347 0
7241 0
10363 0
7261 0
4533 0
7292 0
7297 0
10412 0
5631 0
10451 0
10454 0
4164 0
10461 0
7383 0
4242 0
1013 0
7442 0
1049 0
4295 0
4299 0
4301 0
10582 0
4311 0
6658 0
1088 0
4347 0
1123 0
1126 0
6935 0
4407 0
4411 0
1165 0
1166 0
1176 0
10756 0
7593 0
4444 0
10731 0
1218 0
7615 0
7623 0
6083 0
10760 0
7632 0
1258 0
1262 0
7651 0
4507 0
10779 0
7821 0
4529 0
196 0
1315 0
10820 0
8059 0
10827 0
1811 0
10832 0
1341 0
7730 0
7739 0
1368 0
1373 0
1379 0
7761 0
10880 0
10903 0
10905 0
8696 0
10910 0
4649 0
11849 0
8722 0
1456 0
10942 0
10947 0
10955 0
2538 0
10971 0
7678 0
10975 0
7882 0
10979 0
4713 0
11001 0
7915 0
7931 0
7939 0
4759 0
11030 0
11032 0
1564 0
1565 0
1838 0
1571 0
11045 0
1582 0
4787 0
7971 0
3263 0
4810 0
11101 0
8008 0
5087 0
3630 0
1661 0
11133 0
4879 0
4888 0
7713 0
11157 0
11168 0
1701 0
8078 0
1713 0
4936 0
4940 0
1743 0
4961 0
11206 0
4992 0
4997 0
8153 0
1871 0
4576 0
6172 0
1810 0
11291 0
5035 0
1821 0
1822 0
4647 0
11313 0
1844 0
812 0
5084 0
11486 0
8230 0
8239 0
11371 0
8263 0
8265 0
11390 0
11400 0
5152 0
1927 0
8302 0
1938 0
1947 0
5441 0
11452 0
8326 0
1962 0
11467 0
5204 0
5213 0
11885 0
8351 0
11588 0
8368 0
5256 0
2023 0
2031 0
11546 0
2056 0
2060 0
2064 0
11569 0
2067 0
6145 0
11577 0
8438 0
12484 0
12630 0
5348 0
2131 0
2141 0
5371 0
11647 0
2156 0
5375 0
8513 0
11972 0
5402 0
8545 0
5180 0
11685 0
6912 0
8563 0
2210 0
11978 0
11725 0
680 0
5450 0
11742 0
11761 0
8635 0
11784 0
12614 0
2307 0
11807 0
8709 0
11861 0
11867 0
10431 0
11883 0
5579 0
11896 0
376 0
5609 0
380 0
5623 0
5630 0
6383 0
5645 0
11950 0
8443 0
2463 0
5658 0
2465 0
11964 0
11995 0
5692 0
6805 0
2510 0
2511 0
2518 0
8880 0
8925 0
12034 0
8902 0
5748 0
5785 0
12094 0
12098 0
8969 0
12102 0
12107 0
2621 0
9006 0
2635 0
5828 0
2641 0
5838 0
2653 0
5868 0
5882 0
5886 0
2698 0
5897 0
12205 0
5936 0
2736 0
10991 0
5952 0
2774 0
9153 0
12264 0
12271 0
9165 0
2807 0
6063 0
12316 0
2852 0
12324 0
12329 0
6085 0
12360 0
12361 0
2910 0
6136 0
9269 0
2931 0
12406 0
12408 0
12410 0
6162 0
9293 0
12443 0
12455 0
12459 0
11345 0
3051 0
3053 0
12500 0
12502 0
3065 0
9381 0
7405 0
12529 0
6293 0
3098 0
3116 0
6317 0
3134 0
12580 0
12383 0
9468 0
12603 0
12608 0
12613 0
6365 0
7963 0
6373 0
6378 0
12631 0
9502 0
10052 0
11321 0
10056 0
10061 0
10066 0
2610 0
10074 0
10085 0
12638 0
10090 0
11875 0
5589 0
9530 0
799 0
9389 0
1861 0
8030 0
844 0
8053 0
1756 0
939 0
4189 0
3938 0
5380 0
4225 0
5792 0
8204 0
1907 0
1900 0
9889 0
9718 0
6958 0
4403 0
10816 0
1338 0
468 0
7013 0
8565 0
619 0
7662 0
639 0
5522 0
1363 0
11327 0
10118 0
11690 0
10130 0
3331 0
2418 0
12400 0
8704 0
11819 0
10174 0
10189 0
10498 0
10203 0
4429 0
7267 0
2169 0
5381 0
12367 0
9825 0
7349 0
10241 0
10243 0
10246 0
10254 0
10261 0
10273 0
10293 0
10294 0
10301 0
10304 0
10309 0
4616 0
9696 0
10311 0
10313 0
10315 0
10324 0
10473 0
10345 0
10348 0
10350 0
10355 0
10358 0
10360 0
10361 0
4081 0
8432 0
3809 0
10374 0
10083 0
11036 0
10379 0
10403 0
10410 0
10422 0
10429 0
4670 0
591 0
6442 0
6865 0
7881 0
11592 0
11391 0
4709 0
3950 0
2873 0
9705 0
10478 0
10479 0
9616 0
12520 0
2152 0
10638 0
10654 0
1276 0
12559 0
11694 0
10833 0
734 0
8666 0
11125 0
10527 0
10539 0
10541 0
10552 0
12356 0
1941 0
6447 0
10560 0
10567 0
10572 0
10589 0
10595 0
10597 0
10598 0
10602 0
10621 0
10623 0
9631 0
10642 0
10658 0
10660 0
10665 0
10667 0
10670 0
10671 0
10684 0
6884 0
12112 0
8956 0
4918 0
3488 0
11181 0
3830 0
2603 0
7648 0
12645 0
10930 0
10865 0
2869 0
11286 0
10700 0
10704 0
10735 0
5249 0
10709 0
10710 0
10717 0
10718 0
10726 0
10730 0
12543 0
10738 0
10747 0
10750 0
10763 0
10764 0
10773 0
11785 0
10789 0
10799 0
10802 0
10804 0
11106 0
11856 0
7293 0
11193 0
4160 0
12068 0
7729 0
2974 0
12486 0
4654 0
12506 0
5514 0
12583 0
10813 0
10826 0
10845 0
10848 0
310 0
10857 0
10861 0
12212 0
2831 0
10879 0
10882 0
10886 0
1514 0
11112 0
10904 0
1005 0
10908 0
10914 0
10941 0
8109 0
11682 0
10966 0
10977 0
11199 0
9633 0
2691 0
10891 0
6678 0
5340 0
11024 0
11028 0
11038 0
11040 0
9505 0
11048 0
11378 0
11066 0
11497 0
11078 0
11082 0
11095 0
11104 0
12628 0
11513 0
11129 0
10708 0
11147 0
614 0
11162 0
9757 0
11176 0
11185 0
11191 0
1284 0
11212 0
11222 0
11229 0
11230 0
11243 0
11244 0
12208 0
11263 0
11265 0
11269 0
11282 0
11296 0
11308 0
11315 0
8793 0
11322 0
11941 0
11339 0
11382 0
11397 0
12186 0
11404 0
11407 0
11414 0
47 0
7921 0
11422 0
11431 0
11433 0
1750 0
11456 0
11474 0
8463 0
11483 0
11484 0
11485 0
10485 0
4052 0
11768 0
12539 0
9499 0
4317 0
3861 0
5511 0
11498 0
11503 0
11504 0
11517 0
11518 0
11521 0
11524 0
11525 0
11527 0
11551 0
11580 0
11583 0
11595 0
11596 0
11680 0
11613 0
11627 0
11630 0
4720 0
10822 0
4210 0
5664 0
10964 0
8421 0
11662 0
11684 0
11688 0
9711 0
11728 0
11730 0
5491 0
11752 0
12352 0
11755 0
11764 0
6287 0
11769 0
11793 0
11802 0
11805 0
11814 0
5584 0
11901 0
9569 0
7849 0
10415 0
12054 0
8186 0
9553 0
7467 0
9814 0
6717 0
9065 0
8315 0
362 0
375 0
9195 0
6074 0
2116 0
547 0
578 0
2043 0
10128 0
3066 0
11774 0
3973 0
2375 0
11820 0
11821 0
11833 0
11843 0
5884 0
6727 0
11859 0
11860 0
18 0
11866 0
11869 0
12253 0
11898 0
3838 0
5633 0
11907 0
11911 0
11917 0
11928 0
12555 0
11935 0
11940 0
11951 0
11989 0
11990 0
12001 0
12399 0
12012 0
12014 0
12021 0
12038 0
12047 0
12050 0
7857 0
5331 0
12011 0
12086 0
12104 0
12110 0
12111 0
5013 0
12122 0
12557 0
12126 0
8259 0
12142 0
12157 0
12162 0
12169 0
12174 0
12183 0
12185 0
12202 0
12216 0
711 0
12230 0
9566 0
737 0
12248 0
12250 0
12252 0
12255 0
12259 0
12261 0
12263 0
12273 0
1793 0
12280 0
12286 0
12298 0
12301 0
12318 0
2920 0
12584 0
8622 0
12337 0
12357 0
12365 0
12386 0
7129 0
9556 0
8290 0
10060 0
12413 0
12415 0
12424 0
12547 0
12439 0
12448 0
12450 0
12457 0
12458 0
12479 0
12483 0
11317 0
902 0
6769 0
12518 0
8047 0
12565 0
12585 0
12587 0
12595 0
6007 0
12606 0
7581 0
12612 0
12423 0
12624 0
10757 0
